  -1.3583225e-01
  -1.3447713e-01
  -1.3314149e-01
  -1.3182626e-01
  -1.3051883e-01
  -1.2919308e-01
  -1.2780935e-01
  -1.2631446e-01
  -1.2464169e-01
  -1.2264180e-01
  -1.2014719e-01
  -1.1688129e-01
  -1.1234018e-01
  -1.0579258e-01
  -9.6279834e-02
  -8.2494926e-02
  -6.2761795e-02
  -3.4964056e-02
   3.7148237e-03
   5.6793245e-02
   1.2849147e-01
   2.2347153e-01
   3.4809655e-01
   5.0965048e-01
   7.1399452e-01
   9.6552475e-01
   1.2607997e+00
   1.5987045e+00
   1.9675080e+00
   2.1923879e+00
   1.9214637e+00
   6.1825083e-01
  -1.6537905e+00
  -3.4948813e+00
  -3.2757273e+00
  -1.0760030e+00
   1.0617710e+00
   2.0023701e+00
   2.0358902e+00
   1.7331104e+00
   1.3796214e+00
   1.0515346e+00
   7.6691266e-01
   5.2829187e-01
   3.3108959e-01
   1.7134413e-01
   4.4474546e-02
  -5.4033006e-02
  -1.2862530e-01
  -1.8354565e-01
  -2.2266984e-01
  -2.4951684e-01
  -2.6709860e-01
  -2.7791930e-01
  -2.8397530e-01
  -2.8676956e-01
  -2.8744612e-01
  -2.8669561e-01
  -2.8502825e-01
  -2.8283559e-01
  -2.8039051e-01
  -2.7784724e-01
  -2.7524132e-01
  -2.7258063e-01
  -2.6991987e-01
  -2.6726744e-01
  -2.6463019e-01
  -2.6201348e-01
  -2.5942117e-01
  -2.5685561e-01
  -2.5431766e-01
  -2.5180668e-01
  -2.4932052e-01
  -2.4685748e-01
  -2.4441890e-01
  -2.4200457e-01
  -2.3961427e-01
  -2.3724774e-01
  -2.3490477e-01
  -2.3258510e-01
  -2.3028852e-01
  -2.2801479e-01
  -2.2576369e-01
  -2.2353498e-01
  -2.2132845e-01
  -2.1914388e-01
  -2.1698099e-01
  -2.1483955e-01
  -2.1271942e-01
  -2.1062042e-01
  -2.0854238e-01
  -2.0648511e-01
  -2.0444838e-01
  -2.0243197e-01
  -2.0043561e-01
  -1.9845904e-01
  -1.9650197e-01
  -1.9456408e-01
  -1.9264506e-01
  -1.9073250e-01
  -1.8881828e-01
  -1.8693010e-01
  -1.8507841e-01
  -1.8325460e-01
  -1.8143105e-01
  -1.7956106e-01
  -1.7757890e-01
  -1.7539980e-01
  -1.7290962e-01
  -1.6984749e-01
  -1.6594356e-01
  -1.6067685e-01
  -1.5320538e-01
  -1.4236611e-01
  -1.2666170e-01
  -1.0402989e-01
  -7.2004492e-02
  -2.7334007e-02
   3.4148435e-02
   1.1752505e-01
   2.2868870e-01
   3.7350911e-01
   5.6209622e-01
   8.0090571e-01
   1.0904255e+00
   1.4251756e+00
   1.7802559e+00
   2.0364097e+00
   1.8346756e+00
   5.9588934e-01
  -1.6712534e+00
  -3.4429846e+00
  -3.0088647e+00
  -7.9660830e-01
   1.1186365e+00
   1.7610810e+00
   1.6327897e+00
   1.2950428e+00
   9.5479019e-01
   6.5175412e-01
   3.9909849e-01
   1.9374692e-01
   2.9055588e-02
  -9.9605128e-02
  -1.9751148e-01
  -2.6974817e-01
  -3.2120045e-01
  -3.5633138e-01
  -3.7907397e-01
  -3.9276406e-01
  -4.0010198e-01
  -4.0315248e-01
  -4.0342715e-01
  -4.0197226e-01
  -3.9938051e-01
  -3.9611434e-01
  -3.9251667e-01
  -3.8881083e-01
  -3.8510065e-01
  -3.8137108e-01
  -3.7762113e-01
  -3.7389556e-01
  -3.7019851e-01
  -3.6653327e-01
  -3.6290231e-01
  -3.5930726e-01
  -3.5574891e-01
  -3.5222720e-01
  -3.4874124e-01
  -3.4528937e-01
  -3.4187137e-01
  -3.3848737e-01
  -3.3513705e-01
  -3.3182005e-01
  -3.2853607e-01
  -3.2528476e-01
  -3.2206580e-01
  -3.1887887e-01
  -3.1572366e-01
  -3.1259983e-01
  -3.0950710e-01
  -3.0644513e-01
  -3.0341347e-01
  -3.0041183e-01
  -2.9744011e-01
  -2.9449813e-01
  -2.9158564e-01
  -2.8870233e-01
  -2.8584782e-01
  -2.8302167e-01
  -2.8022337e-01
  -2.7745233e-01
  -2.7470792e-01
  -2.7198285e-01
  -2.6923556e-01
  -2.6651401e-01
  -2.6384894e-01
  -2.6122698e-01
  -2.5859065e-01
  -2.5583836e-01
  -2.5282443e-01
  -2.4935909e-01
  -2.4516844e-01
  -2.3971270e-01
  -2.3233648e-01
  -2.2188196e-01
  -2.0663465e-01
  -1.8432338e-01
  -1.5207925e-01
  -1.0611890e-01
  -4.1609093e-02
   4.7402669e-02
   1.6799551e-01
   3.2837520e-01
   5.3548889e-01
   8.0005234e-01
   1.1234524e+00
   1.4772660e+00
   1.8805364e+00
   1.8104288e+00
   5.1692355e-01
  -1.6994172e+00
  -3.3906428e+00
  -2.6836651e+00
  -3.7302670e-01
   1.3550918e+00
   1.8268974e+00
   1.6387917e+00
   1.2939466e+00
   9.5787021e-01
   6.6128951e-01
   4.1516128e-01
   2.1590152e-01
   5.6355565e-02
  -6.7976560e-02
  -1.6235121e-01
  -2.3179915e-01
  -2.8112548e-01
  -3.1475717e-01
  -3.3650871e-01
  -3.4961562e-01
  -3.5669060e-01
  -3.5972346e-01
  -3.6013005e-01
  -3.5893322e-01
  -3.5668468e-01
  -3.5380003e-01
  -3.5059266e-01
  -3.4727377e-01
  -3.4395235e-01
  -3.4063519e-01
  -3.3728864e-01
  -3.3396302e-01
  -3.3066331e-01
  -3.2739205e-01
  -3.2415117e-01
  -3.2094197e-01
  -3.1776520e-01
  -3.1462097e-01
  -3.1150881e-01
  -3.0842763e-01
  -3.0537644e-01
  -3.0235557e-01
  -2.9936476e-01
  -2.9640371e-01
  -2.9347213e-01
  -2.9056971e-01
  -2.8769617e-01
  -2.8485123e-01
  -2.8203459e-01
  -2.7924598e-01
  -2.7648512e-01
  -2.7375173e-01
  -2.7104547e-01
  -2.6836586e-01
  -2.6571284e-01
  -2.6308639e-01
  -2.6048636e-01
  -2.5791251e-01
  -2.5536448e-01
  -2.5284184e-01
  -2.5034404e-01
  -2.4787044e-01
  -2.4542029e-01
  -2.4299271e-01
  -2.4055109e-01
  -2.3811417e-01
  -2.3572059e-01
  -2.3336219e-01
  -2.3098399e-01
  -2.2848423e-01
  -2.2571435e-01
  -2.2247897e-01
  -2.1848415e-01
  -2.1319069e-01
  -2.0591091e-01
  -1.9544584e-01
  -1.8005206e-01
  -1.5744167e-01
  -1.2468542e-01
  -7.7951097e-02
  -1.2399738e-02
   7.7978296e-02
   2.0036630e-01
   3.6287629e-01
   5.5769446e-01
   8.2467275e-01
   1.1761467e+00
   1.5532135e+00
   1.8257319e+00
   1.7221397e+00
   5.5728223e-01
  -1.7109177e+00
  -3.3137781e+00
  -2.4962248e+00
  -1.7265467e-01
   1.6084278e+00
   2.2054332e+00
   2.0885022e+00
   1.7522511e+00
   1.4011206e+00
   1.0834558e+00
   8.1045650e-01
   5.8180507e-01
   3.9350886e-01
   2.4126354e-01
   1.2056672e-01
   2.6993991e-02
  -4.3801100e-02
  -9.5951318e-02
  -1.3318465e-01
  -1.5886755e-01
  -1.7587307e-01
  -1.8657995e-01
  -1.9287266e-01
  -1.9614178e-01
  -1.9742785e-01
  -1.9741645e-01
  -1.9655967e-01
  -1.9520720e-01
  -1.9360634e-01
  -1.9190199e-01
  -1.9013665e-01
  -1.8831811e-01
  -1.8649342e-01
  -1.8467026e-01
  -1.8285485e-01
  -1.8105208e-01
  -1.7926552e-01
  -1.7749746e-01
  -1.7574884e-01
  -1.7401930e-01
  -1.7230719e-01
  -1.7061057e-01
  -1.6893066e-01
  -1.6726746e-01
  -1.6562080e-01
  -1.6399052e-01
  -1.6237647e-01
  -1.6077847e-01
  -1.5919638e-01
  -1.5763003e-01
  -1.5607926e-01
  -1.5454393e-01
  -1.5302387e-01
  -1.5151894e-01
  -1.5002896e-01
  -1.4855370e-01
  -1.4709310e-01
  -1.4564706e-01
  -1.4421549e-01
  -1.4279826e-01
  -1.4139523e-01
  -1.4000622e-01
  -1.3863104e-01
  -1.3726949e-01
  -1.3592133e-01
  -1.3458630e-01
  -1.3326412e-01
  -1.3195181e-01
  -1.3063663e-01
  -1.2933489e-01
  -1.2805496e-01
  -1.2678990e-01
  -1.2551747e-01
  -1.2420014e-01
  -1.2278506e-01
  -1.2120410e-01
  -1.1933406e-01
  -1.1697959e-01
  -1.1388635e-01
  -1.0955030e-01
  -1.0321068e-01
  -9.3849980e-02
  -8.0082578e-02
  -6.0093593e-02
  -3.1580139e-02
   8.5450167e-03
   6.4157662e-02
   1.3992214e-01
   2.4096754e-01
   3.7469438e-01
   5.4868338e-01
   7.6877319e-01
   1.0390588e+00
   1.3501291e+00
   1.7112823e+00
   2.0409625e+00
   2.0626854e+00
   1.2739270e+00
  -6.9369736e-01
  -2.9292484e+00
  -3.4605546e+00
  -1.7451259e+00
   5.6139877e-01
   1.9637290e+00
   2.3129702e+00
   2.1169905e+00
   1.7687564e+00
   1.4184820e+00
   1.1036474e+00
   8.3075253e-01
   5.9970640e-01
   4.0769722e-01
   2.5056429e-01
   1.2417413e-01
   2.4422001e-02
  -5.2593913e-02
  -1.1057253e-01
  -1.5300989e-01
  -1.8319360e-01
  -2.0395335e-01
  -2.1755763e-01
  -2.2591971e-01
  -2.3059775e-01
  -2.3279475e-01
  -2.3335857e-01
  -2.3281155e-01
  -2.3160186e-01
  -2.2995325e-01
  -2.2801746e-01
  -2.2591674e-01
  -2.2374390e-01
  -2.2156226e-01
  -2.1940571e-01
  -2.1727864e-01
  -2.1515644e-01
  -2.1303743e-01
  -2.1093778e-01
  -2.0885778e-01
  -2.0679763e-01
  -2.0475749e-01
  -2.0273743e-01
  -2.0073744e-01
  -1.9875748e-01
  -1.9679740e-01
  -1.9485699e-01
  -1.9293600e-01
  -1.9103407e-01
  -1.8915093e-01
  -1.8728652e-01
  -1.8544067e-01
  -1.8361318e-01
  -1.8180388e-01
  -1.8001258e-01
  -1.7823910e-01
  -1.7648327e-01
  -1.7474492e-01
  -1.7302386e-01
  -1.7131992e-01
  -1.6963294e-01
  -1.6796275e-01
  -1.6630917e-01
  -1.6467190e-01
  -1.6304826e-01
  -1.6143925e-01
  -1.5984686e-01
  -1.5827235e-01
  -1.5671621e-01
  -1.5517818e-01
  -1.5365724e-01
  -1.5215164e-01
  -1.5065884e-01
  -1.4917558e-01
  -1.4769783e-01
  -1.4622080e-01
  -1.4473660e-01
  -1.4319854e-01
  -1.4161702e-01
  -1.3996712e-01
  -1.3814986e-01
  -1.3599217e-01
  -1.3324689e-01
  -1.2959277e-01
  -1.2455249e-01
  -1.1744005e-01
  -1.0732185e-01
  -9.2850398e-02
  -7.2262826e-02
  -4.3375450e-02
  -3.4443411e-03
   5.0873278e-02
   1.2368774e-01
   2.1993158e-01
   3.4535950e-01
   5.0314734e-01
   6.9953964e-01
   9.5438600e-01
   1.2674995e+00
   1.6165071e+00
   1.9568498e+00
   2.2028980e+00
   2.0016966e+00
   8.5582548e-01
  -1.3354151e+00
  -3.3643465e+00
  -3.5455022e+00
  -1.6724005e+00
   6.3501186e-01
   2.0156924e+00
   2.3668437e+00
   2.1866041e+00
   1.8412753e+00
   1.4887083e+00
   1.1673187e+00
   8.8870497e-01
   6.5081934e-01
   4.5129265e-01
   2.8657015e-01
   1.5289679e-01
   4.6318387e-02
  -3.6989986e-02
  -1.0067424e-01
  -1.4820719e-01
  -1.8270136e-01
  -2.0690897e-01
  -2.2322192e-01
  -2.3367182e-01
  -2.3993363e-01
  -2.4324563e-01
  -2.4446783e-01
  -2.4428907e-01
  -2.4323759e-01
  -2.4168092e-01
  -2.3982599e-01
  -2.3775651e-01
  -2.3559092e-01
  -2.3336797e-01
  -2.3111266e-01
  -2.2884568e-01
  -2.2658347e-01
  -2.2433818e-01
  -2.2211770e-01
  -2.1992564e-01
  -2.1776132e-01
  -2.1561981e-01
  -2.1349372e-01
  -2.1138720e-01
  -2.0930159e-01
  -2.0723671e-01
  -2.0519235e-01
  -2.0316833e-01
  -2.0116444e-01
  -1.9918048e-01
  -1.9721627e-01
  -1.9527161e-01
  -1.9334631e-01
  -1.9144016e-01
  -1.8955299e-01
  -1.8768459e-01
  -1.8583477e-01
  -1.8400333e-01
  -1.8219011e-01
  -1.8039494e-01
  -1.7861764e-01
  -1.7685805e-01
  -1.7511598e-01
  -1.7339126e-01
  -1.7168372e-01
  -1.6999318e-01
  -1.6831944e-01
  -1.6666234e-01
  -1.6502169e-01
  -1.6339729e-01
  -1.6178897e-01
  -1.6018988e-01
  -1.5859054e-01
  -1.5700761e-01
  -1.5545179e-01
  -1.5392590e-01
  -1.5242491e-01
  -1.5093590e-01
  -1.4943810e-01
  -1.4790287e-01
  -1.4629369e-01
  -1.4456620e-01
  -1.4265063e-01
  -1.4039295e-01
  -1.3765177e-01
  -1.3412443e-01
  -1.2932291e-01
  -1.2257379e-01
  -1.1301603e-01
  -9.9434147e-02
  -8.0367245e-02
  -5.3906170e-02
  -1.7548925e-02
   3.1799331e-02
   9.7826276e-02
   1.8467218e-01
   2.9775905e-01
   4.4343407e-01
   6.2739614e-01
   8.5465775e-01
   1.1277733e+00
   1.4479231e+00
   1.8063920e+00
   2.1337343e+00
   2.2713801e+00
   1.7631562e+00
   2.1917264e-01
  -2.1447154e+00
  -3.7398988e+00
  -3.3043290e+00
  -1.1546605e+00
   1.0141923e+00
   2.1190568e+00
   2.2945022e+00
   2.0432788e+00
   1.6871924e+00
   1.3427527e+00
   1.0344578e+00
   7.6757968e-01
   5.4185862e-01
   3.5387941e-01
   1.9980866e-01
   7.5615866e-02
  -2.2600868e-02
  -9.8588495e-02
  -1.5593904e-01
  -1.9808960e-01
  -2.2818480e-01
  -2.4885555e-01
  -2.6237812e-01
  -2.7065959e-01
  -2.7523784e-01
  -2.7728155e-01
  -2.7759024e-01
  -2.7676397e-01
  -2.7521517e-01
  -2.7317214e-01
  -2.7082176e-01
  -2.6830943e-01
  -2.6573912e-01
  -2.6317331e-01
  -2.6063306e-01
  -2.5809797e-01
  -2.5555781e-01
  -2.5303880e-01
  -2.5054184e-01
  -2.4806768e-01
  -2.4561691e-01
  -2.4318993e-01
  -2.4078701e-01
  -2.3840823e-01
  -2.3605350e-01
  -2.3372260e-01
  -2.3141511e-01
  -2.2913046e-01
  -2.2686826e-01
  -2.2462856e-01
  -2.2241115e-01
  -2.2021580e-01
  -2.1804229e-01
  -2.1589041e-01
  -2.1375995e-01
  -2.1165068e-01
  -2.0956240e-01
  -2.0749490e-01
  -2.0544797e-01
  -2.0342141e-01
  -2.0141502e-01
  -1.9942858e-01
  -1.9746190e-01
  -1.9551415e-01
  -1.9358534e-01
  -1.9167587e-01
  -1.8978589e-01
  -1.8791541e-01
  -1.8606422e-01
  -1.8423193e-01
  -1.8241795e-01
  -1.8062150e-01
  -1.7884163e-01
  -1.7707716e-01
  -1.7532676e-01
  -1.7358643e-01
  -1.7182967e-01
  -1.7007620e-01
  -1.6833093e-01
  -1.6656358e-01
  -1.6470865e-01
  -1.6266547e-01
  -1.6029815e-01
  -1.5743426e-01
  -1.5375314e-01
  -1.4887528e-01
  -1.4221369e-01
  -1.3286580e-01
  -1.1961350e-01
  -1.0092312e-01
  -7.4831968e-02
  -3.8920419e-02
   9.7631503e-03
   7.4934165e-02
   1.6107317e-01
   2.7342585e-01
   4.1631439e-01
   5.9677280e-01
   8.2613635e-01
   1.1063596e+00
   1.4294573e+00
   1.7775046e+00
   2.1062592e+00
   2.2201196e+00
   1.7044600e+00
   1.0469094e-01
  -2.2287593e+00
  -3.7871614e+00
  -3.1955099e+00
  -9.7014885e-01
   1.1433188e+00
   2.1696828e+00
   2.2969983e+00
   2.0331612e+00
   1.6803339e+00
   1.3377967e+00
   1.0286240e+00
   7.6306806e-01
   5.4004820e-01
   3.5349241e-01
   2.0056298e-01
   7.7284722e-02
  -2.0200352e-02
  -9.5633019e-02
  -1.5263663e-01
  -1.9458734e-01
  -2.2450419e-01
  -2.4506781e-01
  -2.5856499e-01
  -2.6688875e-01
  -2.7153828e-01
  -2.7361901e-01
  -2.7397832e-01
  -2.7319328e-01
  -2.7162541e-01
  -2.6956670e-01
  -2.6723961e-01
  -2.6479705e-01
  -2.6232243e-01
  -2.5982960e-01
  -2.5730172e-01
  -2.5478204e-01
  -2.5227673e-01
  -2.4978908e-01
  -2.4732179e-01
  -2.4487694e-01
  -2.4245599e-01
  -2.4005982e-01
  -2.3768867e-01
  -2.3534219e-01
  -2.3301941e-01
  -2.3071889e-01
  -2.2844088e-01
  -2.2618554e-01
  -2.2395263e-01
  -2.2174195e-01
  -2.1955325e-01
  -2.1738634e-01
  -2.1524099e-01
  -2.1311699e-01
  -2.1101412e-01
  -2.0893217e-01
  -2.0687095e-01
  -2.0483023e-01
  -2.0280981e-01
  -2.0080950e-01
  -1.9882897e-01
  -1.9686799e-01
  -1.9492651e-01
  -1.9300444e-01
  -1.9110165e-01
  -1.8921798e-01
  -1.8735323e-01
  -1.8550714e-01
  -1.8367944e-01
  -1.8186981e-01
  -1.8007787e-01
  -1.7830323e-01
  -1.7654544e-01
  -1.7480336e-01
  -1.7305861e-01
  -1.7132392e-01
  -1.6961340e-01
  -1.6792320e-01
  -1.6623152e-01
  -1.6449856e-01
  -1.6266658e-01
  -1.6065985e-01
  -1.5838350e-01
  -1.5562897e-01
  -1.5218021e-01
  -1.4767574e-01
  -1.4150697e-01
  -1.3281814e-01
  -1.2050636e-01
  -1.0314681e-01
  -7.8885240e-02
  -4.5523612e-02
  -1.8237898e-04
   6.0717309e-02
   1.4145360e-01
   2.4689347e-01
   3.8192684e-01
   5.5489702e-01
   7.7193579e-01
   1.0354662e+00
   1.3442027e+00
   1.6895224e+00
   2.0374765e+00
   2.2428677e+00
   1.9649780e+00
   6.5768669e-01
  -1.5905178e+00
  -3.5541347e+00
  -3.6015900e+00
  -1.6784521e+00
   5.9842417e-01
   1.8473451e+00
   2.0755877e+00
   1.8270955e+00
   1.4723333e+00
   1.1333646e+00
   8.3407693e-01
   5.7874840e-01
   3.6613022e-01
   1.9208843e-01
   5.2241923e-02
  -5.7899630e-02
  -1.4263564e-01
  -2.0607449e-01
  -2.5213351e-01
  -2.8449066e-01
  -3.0625652e-01
  -3.2007064e-01
  -3.2813474e-01
  -3.3220563e-01
  -3.3359521e-01
  -3.3319091e-01
  -3.3168861e-01
  -3.2945847e-01
  -3.2675483e-01
  -3.2378070e-01
  -3.2068777e-01
  -3.1757644e-01
  -3.1449578e-01
  -3.1144353e-01
  -3.0838172e-01
  -3.0533801e-01
  -3.0232124e-01
  -2.9933222e-01
  -2.9637155e-01
  -2.9343966e-01
  -2.9053679e-01
  -2.8766301e-01
  -2.8481822e-01
  -2.8200210e-01
  -2.7921420e-01
  -2.7645385e-01
  -2.7372077e-01
  -2.7101488e-01
  -2.6833592e-01
  -2.6568361e-01
  -2.6305769e-01
  -2.6045790e-01
  -2.5788398e-01
  -2.5533567e-01
  -2.5281272e-01
  -2.5031487e-01
  -2.4784188e-01
  -2.4539349e-01
  -2.4296947e-01
  -2.4056951e-01
  -2.3819267e-01
  -2.3583914e-01
  -2.3350931e-01
  -2.3120331e-01
  -2.2892105e-01
  -2.2666218e-01
  -2.2442611e-01
  -2.2221201e-01
  -2.2001882e-01
  -2.1784522e-01
  -2.1568964e-01
  -2.1354919e-01
  -2.1138608e-01
  -2.0922376e-01
  -2.0707929e-01
  -2.0491974e-01
  -2.0266217e-01
  -2.0017364e-01
  -1.9727120e-01
  -1.9372192e-01
  -1.8911900e-01
  -1.8291703e-01
  -1.7432147e-01
  -1.6210858e-01
  -1.4462542e-01
  -1.1978989e-01
  -8.4965361e-02
  -3.6843674e-02
   2.8668224e-02
   1.1657088e-01
   2.3277236e-01
   3.8408591e-01
   5.6669197e-01
   8.0418210e-01
   1.1141854e+00
   1.4747656e+00
   1.8244207e+00
   2.0609809e+00
   1.8545897e+00
   6.3628981e-01
  -1.6218228e+00
  -3.4585979e+00
  -3.2026154e+00
  -1.0817061e+00
   9.5593500e-01
   1.7377906e+00
   1.6656805e+00
   1.3356022e+00
   9.9024511e-01
   6.8246338e-01
   4.2359109e-01
   2.1091746e-01
   4.0105243e-02
  -9.4028266e-02
  -1.9665169e-01
  -2.7290464e-01
  -3.2765116e-01
  -3.6539411e-01
  -3.9014231e-01
  -4.0528904e-01
  -4.1361209e-01
  -4.1728878e-01
  -4.1796334e-01
  -4.1662882e-01
  -4.1402790e-01
  -4.1072322e-01
  -4.0709742e-01
  -4.0335308e-01
  -3.9951634e-01
  -3.9562776e-01
  -3.9174446e-01
  -3.8787818e-01
  -3.8403827e-01
  -3.8023167e-01
  -3.7646292e-01
  -3.7273415e-01
  -3.6904510e-01
  -3.6539309e-01
  -3.6177522e-01
  -3.5819319e-01
  -3.5464680e-01
  -3.5113568e-01
  -3.4765950e-01
  -3.4421791e-01
  -3.4081056e-01
  -3.3743712e-01
  -3.3409724e-01
  -3.3079060e-01
  -3.2751686e-01
  -3.2427569e-01
  -3.2106675e-01
  -3.1788967e-01
  -3.1474420e-01
  -3.1163007e-01
  -3.0854698e-01
  -3.0549464e-01
  -3.0247272e-01
  -2.9948090e-01
  -2.9651882e-01
  -2.9358613e-01
  -2.9068246e-01
  -2.8780740e-01
  -2.8493935e-01
  -2.8193244e-01
  -2.7890132e-01
  -2.7597085e-01
  -2.7320559e-01
  -2.7060983e-01
  -2.6812757e-01
  -2.6564251e-01
  -2.6297810e-01
  -2.5989747e-01
  -2.5610350e-01
  -2.5123875e-01
  -2.4486852e-01
  -2.3598232e-01
  -2.2335793e-01
  -2.0521508e-01
  -1.7896948e-01
  -1.4123284e-01
  -8.7812905e-02
  -1.4732380e-02
   8.4877387e-02
   2.2186481e-01
   4.0426565e-01
   6.3711009e-01
   9.2242271e-01
   1.2571912e+00
   1.6116798e+00
   1.8375885e+00
   1.4704859e+00
  -1.1289042e-01
  -2.4424560e+00
  -3.3969414e+00
  -1.8901049e+00
   4.0237543e-01
   1.5372673e+00
   1.6220179e+00
   1.3130579e+00
   9.6564648e-01
   6.5644228e-01
   3.9878750e-01
   1.8985755e-01
   2.4649560e-02
  -1.0256980e-01
  -1.9767126e-01
  -2.6641144e-01
  -3.1414266e-01
  -3.4574640e-01
  -3.6539459e-01
  -3.7654934e-01
  -3.8197640e-01
  -3.8372269e-01
  -3.8305508e-01
  -3.8092343e-01
  -3.7801824e-01
  -3.7477060e-01
  -3.7135224e-01
  -3.6780131e-01
  -3.6422508e-01
  -3.6064569e-01
  -3.5707995e-01
  -3.5354047e-01
  -3.5003560e-01
  -3.4656946e-01
  -3.4314195e-01
  -3.3974871e-01
  -3.3638595e-01
  -3.3305655e-01
  -3.2976027e-01
  -3.2649678e-01
  -3.2326576e-01
  -3.2006689e-01
  -3.1689985e-01
  -3.1376432e-01
  -3.1065999e-01
  -3.0758656e-01
  -3.0454370e-01
  -3.0153110e-01
  -2.9854843e-01
  -2.9559544e-01
  -2.9267187e-01
  -2.8977742e-01
  -2.8691183e-01
  -2.8407478e-01
  -2.8126597e-01
  -2.7848509e-01
  -2.7573179e-01
  -2.7300573e-01
  -2.7030657e-01
  -2.6754713e-01
  -2.6471180e-01
  -2.6193407e-01
  -2.5929032e-01
  -2.5679859e-01
  -2.5441867e-01
  -2.5205202e-01
  -2.4954181e-01
  -2.4667293e-01
  -2.4317196e-01
  -2.3870720e-01
  -2.3278293e-01
  -2.2431292e-01
  -2.1203741e-01
  -1.9387413e-01
  -1.6683274e-01
  -1.2701483e-01
  -6.9806038e-02
   9.3053684e-03
   1.2136950e-01
   2.7662309e-01
   4.8238616e-01
   7.4306200e-01
   1.0601159e+00
   1.4144083e+00
   1.7071268e+00
   1.5193862e+00
   1.3099895e-01
  -2.1910488e+00
  -3.1903027e+00
  -1.6158009e+00
   6.2505889e-01
   1.6237190e+00
   1.6059489e+00
   1.2776601e+00
   9.3377281e-01
   6.3659319e-01
   3.9098485e-01
   1.9443444e-01
   4.1262548e-02
  -7.4927129e-02
  -1.6035911e-01
  -2.2085904e-01
  -2.6179542e-01
  -2.8807933e-01
  -3.0393621e-01
  -3.1252506e-01
  -3.1632009e-01
  -3.1716824e-01
  -3.1628924e-01
  -3.1438713e-01
  -3.1196006e-01
  -3.0920053e-01
  -3.0625371e-01
  -3.0323118e-01
  -3.0021091e-01
  -2.9723724e-01
  -2.9432092e-01
  -2.9143907e-01
  -2.8855979e-01
  -2.8570672e-01
  -2.8288176e-01
  -2.8008474e-01
  -2.7731547e-01
  -2.7457373e-01
  -2.7185929e-01
  -2.6917191e-01
  -2.6651130e-01
  -2.6387719e-01
  -2.6126925e-01
  -2.5868726e-01
  -2.5613095e-01
  -2.5360008e-01
  -2.5109440e-01
  -2.4861365e-01
  -2.4615759e-01
  -2.4372596e-01
  -2.4131853e-01
  -2.3893505e-01
  -2.3657529e-01
  -2.3423899e-01
  -2.3191915e-01
  -2.2960447e-01
  -2.2731423e-01
  -2.2506163e-01
  -2.2285119e-01
  -2.2067874e-01
  -2.1853140e-01
  -2.1638763e-01
  -2.1421717e-01
  -2.1198110e-01
  -2.0963180e-01
  -2.0693084e-01
  -2.0374423e-01
  -1.9992993e-01
  -1.9483399e-01
  -1.8728857e-01
  -1.7561191e-01
  -1.5760834e-01
  -1.3071526e-01
  -9.0933322e-02
  -3.2094794e-02
   5.2798870e-02
   1.7153189e-01
   3.3267418e-01
   5.4558132e-01
   8.1514127e-01
   1.1495785e+00
   1.5162694e+00
   1.7124213e+00
   1.1764188e+00
  -6.9915690e-01
  -2.7941819e+00
  -2.6464963e+00
  -4.4155817e-01
   1.4176558e+00
   1.9696405e+00
   1.7986472e+00
   1.4490079e+00
   1.1102809e+00
   8.1939141e-01
   5.7795150e-01
   3.8276470e-01
   2.2884343e-01
   1.1031859e-01
   2.1517779e-02
  -4.3056071e-02
  -8.8393643e-02
  -1.1892805e-01
  -1.3853482e-01
  -1.5051814e-01
  -1.5733648e-01
  -1.6070815e-01
  -1.6194178e-01
  -1.6194887e-01
  -1.6124502e-01
  -1.6014493e-01
  -1.5883309e-01
  -1.5738677e-01
  -1.5586848e-01
  -1.5432597e-01
  -1.5279221e-01
  -1.5128542e-01
  -1.4980907e-01
  -1.4835184e-01
  -1.4689579e-01
  -1.4545201e-01
  -1.4402249e-01
  -1.4260714e-01
  -1.4120584e-01
  -1.3981847e-01
  -1.3844491e-01
  -1.3708502e-01
  -1.3573868e-01
  -1.3440575e-01
  -1.3308608e-01
  -1.3177953e-01
  -1.3048597e-01
  -1.2920528e-01
  -1.2793733e-01
  -1.2668201e-01
  -1.2543919e-01
  -1.2420875e-01
  -1.2299056e-01
  -1.2178448e-01
  -1.2059040e-01
  -1.1940818e-01
  -1.1823769e-01
  -1.1707874e-01
  -1.1588710e-01
  -1.1467156e-01
  -1.1348449e-01
  -1.1235582e-01
  -1.1129299e-01
  -1.1028098e-01
  -1.0928232e-01
  -1.0823703e-01
  -1.0706272e-01
  -1.0565448e-01
  -1.0388496e-01
  -1.0154428e-01
  -9.8157994e-02
  -9.3140305e-02
  -8.5395083e-02
  -7.3276124e-02
  -5.4587142e-02
  -2.6417240e-02
   1.5033445e-02
   7.4642380e-02
   1.5864000e-01
   2.7461080e-01
   4.2953368e-01
   6.1957278e-01
   8.8957885e-01
   1.2416624e+00
   1.6108258e+00
   1.8649628e+00
   1.6677251e+00
   2.9642954e-01
  -2.0243537e+00
  -3.1440919e+00
  -1.7007639e+00
   6.3889435e-01
   2.0372739e+00
   2.3261011e+00
   2.0924610e+00
   1.7388268e+00
   1.3968599e+00
   1.0943888e+00
   8.3868196e-01
   6.2608636e-01
   4.5268811e-01
   3.1383949e-01
   2.0494015e-01
   1.2147860e-01
   5.9048228e-02
   1.3613310e-02
  -1.8491921e-02
  -4.0466691e-02
  -5.4998145e-02
  -6.4261354e-02
  -6.9919311e-02
  -7.3138013e-02
  -7.4795880e-02
  -7.5438845e-02
  -7.5454692e-02
  -7.5126926e-02
  -7.4634779e-02
  -7.4053206e-02
  -7.3401731e-02
  -7.2726899e-02
  -7.2038719e-02
  -7.1344953e-02
  -7.0651712e-02
  -6.9963455e-02
  -6.9282992e-02
  -6.8611480e-02
  -6.7948426e-02
  -6.7291685e-02
  -6.6639843e-02
  -6.5994458e-02
  -6.5355488e-02
  -6.4722871e-02
  -6.4096546e-02
  -6.3476452e-02
  -6.2862528e-02
  -6.2254713e-02
  -6.1652947e-02
  -6.1057170e-02
  -6.0467322e-02
  -5.9883342e-02
  -5.9305173e-02
  -5.8732699e-02
  -5.8165864e-02
  -5.7604674e-02
  -5.7049115e-02
  -5.6499155e-02
  -5.5954745e-02
  -5.5415816e-02
  -5.4882283e-02
  -5.4354043e-02
  -5.3830974e-02
  -5.3312938e-02
  -5.2799775e-02
  -5.2291312e-02
  -5.1777369e-02
  -5.1261715e-02
  -5.0757666e-02
  -5.0265038e-02
  -4.9770129e-02
  -4.9245721e-02
  -4.8651083e-02
  -4.7931965e-02
  -4.7008288e-02
  -4.5706732e-02
  -4.3852653e-02
  -4.1061989e-02
  -3.6703217e-02
  -2.9897359e-02
  -1.9469854e-02
  -3.7760249e-03
   1.9213508e-02
   5.2286215e-02
   9.9026646e-02
   1.6381643e-01
   2.5152638e-01
   3.6879430e-01
   5.2394874e-01
   7.2360626e-01
   9.7254271e-01
   1.2710793e+00
   1.6105568e+00
   1.9702087e+00
   2.1429739e+00
   1.6976260e+00
   8.0129935e-02
  -2.2685333e+00
  -3.4488269e+00
  -2.2803145e+00
   7.2151356e-02
   1.9016947e+00
   2.5819734e+00
   2.5265015e+00
   2.2074180e+00
   1.8461342e+00
   1.5123702e+00
   1.2182413e+00
   9.6592836e-01
   7.5381712e-01
   5.7800529e-01
   4.3455335e-01
   3.1939239e-01
   2.2863638e-01
   1.5858620e-01
   1.0572966e-01
   6.6741456e-02
   3.8547825e-02
   1.8681814e-02
   5.1050627e-03
  -3.8976517e-03
  -9.7171040e-03
  -1.3419621e-02
  -1.5747081e-02
  -1.7119360e-02
  -1.7872025e-02
  -1.8249080e-02
  -1.8374182e-02
  -1.8346623e-02
  -1.8241339e-02
  -1.8108903e-02
  -1.7975528e-02
  -1.7843067e-02
  -1.7694125e-02
  -1.7539637e-02
  -1.7384987e-02
  -1.7230665e-02
  -1.7077086e-02
  -1.6924589e-02
  -1.6773436e-02
  -1.6623813e-02
  -1.6475832e-02
  -1.6329526e-02
  -1.6184854e-02
  -1.6041698e-02
  -1.5899866e-02
  -1.5759339e-02
  -1.5620210e-02
  -1.5482466e-02
  -1.5346092e-02
  -1.5211076e-02
  -1.5077402e-02
  -1.4945060e-02
  -1.4814034e-02
  -1.4684312e-02
  -1.4555880e-02
  -1.4428727e-02
  -1.4302838e-02
  -1.4178202e-02
  -1.4054806e-02
  -1.3932501e-02
  -1.3809077e-02
  -1.3685551e-02
  -1.3563767e-02
  -1.3444930e-02
  -1.3329611e-02
  -1.3217741e-02
  -1.3108613e-02
  -1.3000885e-02
  -1.2892575e-02
  -1.2781065e-02
  -1.2663099e-02
  -1.2534785e-02
  -1.2391294e-02
  -1.2196210e-02
  -1.1950873e-02
  -1.1641186e-02
  -1.1190546e-02
  -1.0459838e-02
  -9.2474397e-03
  -7.2892175e-03
  -4.1945967e-03
   6.0565270e-04
   7.8817425e-03
   1.8771067e-02
   3.4780993e-02
   5.7791386e-02
   9.0188549e-02
   1.3484930e-01
   1.9534359e-01
   2.7603278e-01
   3.8206959e-01
   5.1780559e-01
   6.8679569e-01
   9.0609929e-01
   1.1813748e+00
   1.5036697e+00
   1.8494206e+00
   2.1800086e+00
   2.3443417e+00
   1.9338969e+00
   4.6845974e-01
  -1.8232471e+00
  -3.5729179e+00
  -3.2245837e+00
  -1.1062561e+00
   1.0965237e+00
   2.2832616e+00
   2.5183783e+00
   2.2949280e+00
   1.9451911e+00
   1.5937548e+00
   1.2726946e+00
   9.9479594e-01
   7.5754639e-01
   5.5761668e-01
   3.9181890e-01
   2.5645246e-01
   1.4782518e-01
   6.2253298e-02
  -3.8040006e-03
  -5.3633113e-02
  -9.0331350e-02
  -1.1662975e-01
  -1.3489169e-01
  -1.4711288e-01
  -1.5492133e-01
  -1.5957989e-01
  -1.6207489e-01
  -1.6306670e-01
  -1.6304101e-01
  -1.6237725e-01
  -1.6134868e-01
  -1.6012232e-01
  -1.5876048e-01
  -1.5731795e-01
  -1.5584072e-01
  -1.5434368e-01
  -1.5283925e-01
  -1.5133741e-01
  -1.4984565e-01
  -1.4836902e-01
  -1.4691007e-01
  -1.4546892e-01
  -1.4404320e-01
  -1.4262878e-01
  -1.4122734e-01
  -1.3983982e-01
  -1.3846609e-01
  -1.3710602e-01
  -1.3575946e-01
  -1.3442631e-01
  -1.3310641e-01
  -1.3179965e-01
  -1.3050590e-01
  -1.2922502e-01
  -1.2795690e-01
  -1.2670139e-01
  -1.2545837e-01
  -1.2422772e-01
  -1.2300928e-01
  -1.2180295e-01
  -1.2060862e-01
  -1.1942619e-01
  -1.1825555e-01
  -1.1709658e-01
  -1.1594917e-01
  -1.1481320e-01
  -1.1368855e-01
  -1.1257509e-01
  -1.1147268e-01
  -1.1038120e-01
  -1.0930051e-01
  -1.0823046e-01
  -1.0717086e-01
  -1.0611318e-01
  -1.0506089e-01
  -1.0402330e-01
  -1.0300353e-01
  -1.0199844e-01
  -1.0099873e-01
  -9.9988850e-02
  -9.8947051e-02
  -9.7845367e-02
  -9.6649619e-02
  -9.5278863e-02
  -9.3639037e-02
  -9.1602581e-02
  -8.8899821e-02
  -8.5118236e-02
  -7.9702464e-02
  -7.1932417e-02
  -6.0770639e-02
  -4.4997877e-02
  -2.2943618e-02
   7.5678497e-03
   4.9217436e-02
   1.0519125e-01
   1.7911310e-01
   2.7580429e-01
   4.0075699e-01
   5.5947149e-01
   7.5745468e-01
   9.9978886e-01
   1.2892174e+00
   1.6217033e+00
   1.9756559e+00
   2.2766640e+00
   2.2980237e+00
   1.6061805e+00
  -1.6952684e-01
  -2.5067006e+00
  -3.8787125e+00
  -3.1134065e+00
  -8.5420620e-01
   1.2788627e+00
   2.3959223e+00
   2.5990315e+00
   2.3705137e+00
   2.0193876e+00
   1.6667614e+00
   1.3436376e+00
   1.0597884e+00
   8.1645588e-01
   6.0990735e-01
   4.3725064e-01
   2.9491931e-01
   1.7941422e-01
   8.7303495e-02
   1.5222549e-02
  -4.0076114e-02
  -8.1518646e-02
  -1.1181170e-01
  -1.3333788e-01
  -1.4814444e-01
  -1.5794322e-01
  -1.6411070e-01
  -1.6768798e-01
  -1.6944204e-01
  -1.6998027e-01
  -1.6967059e-01
  -1.6880596e-01
  -1.6761191e-01
  -1.6624653e-01
  -1.6480047e-01
  -1.6329698e-01
  -1.6174904e-01
  -1.6019349e-01
  -1.5863667e-01
  -1.5708397e-01
  -1.5553983e-01
  -1.5400771e-01
  -1.5249014e-01
  -1.5098869e-01
  -1.4950395e-01
  -1.4803558e-01
  -1.4658228e-01
  -1.4514203e-01
  -1.4371554e-01
  -1.4230323e-01
  -1.4090497e-01
  -1.3952062e-01
  -1.3815005e-01
  -1.3679311e-01
  -1.3544967e-01
  -1.3411961e-01
  -1.3280277e-01
  -1.3149904e-01
  -1.3020829e-01
  -1.2893037e-01
  -1.2766518e-01
  -1.2641257e-01
  -1.2517241e-01
  -1.2394451e-01
  -1.2272877e-01
  -1.2152513e-01
  -1.2033351e-01
  -1.1915383e-01
  -1.1798597e-01
  -1.1682982e-01
  -1.1568523e-01
  -1.1455207e-01
  -1.1343015e-01
  -1.1231931e-01
  -1.1121935e-01
  -1.1013006e-01
  -1.0905121e-01
  -1.0798160e-01
  -1.0691241e-01
  -1.0585172e-01
  -1.0480549e-01
  -1.0377126e-01
  -1.0273819e-01
  -1.0168700e-01
  -1.0059003e-01
  -9.9411204e-02
  -9.8105398e-02
  -9.6559657e-02
  -9.4680199e-02
  -9.2299580e-02
  -8.9103340e-02
  -8.4630005e-02
  -7.8271086e-02
  -6.9253013e-02
  -5.6476351e-02
  -3.8677485e-02
  -1.4167174e-02
   1.9235055e-02
   6.4200908e-02
   1.2389332e-01
   2.0184038e-01
   3.0249418e-01
   4.3156007e-01
   5.9433490e-01
   7.9561547e-01
   1.0396985e+00
   1.3239291e+00
   1.6566749e+00
   2.0220834e+00
   2.3302917e+00
   2.4127831e+00
   1.8320220e+00
   2.2898051e-01
  -2.1412422e+00
  -3.8514986e+00
  -3.6397123e+00
  -1.6222224e+00
   6.5809731e-01
   1.9976278e+00
   2.2971502e+00
   2.0858533e+00
   1.7376569e+00
   1.3872499e+00
   1.0750420e+00
   8.0519804e-01
   5.7689313e-01
   3.8712287e-01
   2.3217848e-01
   1.0779619e-01
   9.8837589e-03
  -6.5581353e-02
  -1.2236668e-01
  -1.6390566e-01
  -1.9329768e-01
  -2.1330800e-01
  -2.2636646e-01
  -2.3442123e-01
  -2.3885933e-01
  -2.4079312e-01
  -2.4109077e-01
  -2.4037628e-01
  -2.3902951e-01
  -2.3727310e-01
  -2.3530589e-01
  -2.3319341e-01
  -2.3098892e-01
  -2.2873644e-01
  -2.2647081e-01
  -2.2421760e-01
  -2.2199321e-01
  -2.1980479e-01
  -2.1765028e-01
  -2.1551839e-01
  -2.1339437e-01
  -2.1128895e-01
  -2.0920438e-01
  -2.0714049e-01
  -2.0509709e-01
  -2.0307400e-01
  -2.0107103e-01
  -1.9908799e-01
  -1.9712469e-01
  -1.9518094e-01
  -1.9325654e-01
  -1.9135130e-01
  -1.8946501e-01
  -1.8759749e-01
  -1.8574853e-01
  -1.8391796e-01
  -1.8210561e-01
  -1.8031130e-01
  -1.7853485e-01
  -1.7677608e-01
  -1.7503483e-01
  -1.7331090e-01
  -1.7160414e-01
  -1.6991435e-01
  -1.6824138e-01
  -1.6658503e-01
  -1.6494513e-01
  -1.6332151e-01
  -1.6170474e-01
  -1.6004532e-01
  -1.5837892e-01
  -1.5674484e-01
  -1.5516781e-01
  -1.5365803e-01
  -1.5221111e-01
  -1.5080812e-01
  -1.4941558e-01
  -1.4798546e-01
  -1.4645514e-01
  -1.4474747e-01
  -1.4277075e-01
  -1.4041870e-01
  -1.3748516e-01
  -1.3358596e-01
  -1.2830010e-01
  -1.2088132e-01
  -1.1024584e-01
  -9.4972429e-02
  -7.3301010e-02
  -4.2953828e-02
  -1.1474493e-03
   5.5568224e-02
   1.3144781e-01
   2.3155046e-01
   3.6173982e-01
   5.2461744e-01
   7.1840413e-01
   9.7863589e-01
   1.3110637e+00
   1.6822362e+00
   2.0194999e+00
   2.2095573e+00
   1.9042083e+00
   5.7282523e-01
  -1.7207727e+00
  -3.5408075e+00
  -3.3494567e+00
  -1.2943246e+00
   8.7795373e-01
   1.9169741e+00
   1.9995050e+00
   1.7094068e+00
   1.3551970e+00
   1.0251984e+00
   7.3740447e-01
   4.9506425e-01
   2.9469706e-01
   1.3215597e-01
   2.8472774e-03
  -9.7731171e-02
  -1.7399001e-01
  -2.3021654e-01
  -2.7030087e-01
  -2.9778048e-01
  -3.1571612e-01
  -3.2666284e-01
  -3.3266994e-01
  -3.3528127e-01
  -3.3567339e-01
  -3.3460359e-01
  -3.3256385e-01
  -3.2994362e-01
  -3.2702973e-01
  -3.2400649e-01
  -3.2095560e-01
  -3.1786148e-01
  -3.1475134e-01
  -3.1165602e-01
  -3.0858062e-01
  -3.0552929e-01
  -3.0250521e-01
  -2.9951059e-01
  -2.9654670e-01
  -2.9361382e-01
  -2.9071132e-01
  -2.8783755e-01
  -2.8499124e-01
  -2.8217322e-01
  -2.7938323e-01
  -2.7662100e-01
  -2.7388625e-01
  -2.7117871e-01
  -2.6849812e-01
  -2.6584420e-01
  -2.6321668e-01
  -2.6061532e-01
  -2.5803983e-01
  -2.5548997e-01
  -2.5296549e-01
  -2.5046606e-01
  -2.4799137e-01
  -2.4554128e-01
  -2.4311563e-01
  -2.4071425e-01
  -2.3833691e-01
  -2.3598335e-01
  -2.3365329e-01
  -2.3134639e-01
  -2.2906231e-01
  -2.2680064e-01
  -2.2456095e-01
  -2.2234278e-01
  -2.2012735e-01
  -2.1791180e-01
  -2.1572849e-01
  -2.1358547e-01
  -2.1146563e-01
  -2.0932677e-01
  -2.0710157e-01
  -2.0469760e-01
  -2.0199733e-01
  -1.9881602e-01
  -1.9481323e-01
  -1.8959467e-01
  -1.8242708e-01
  -1.7221392e-01
  -1.5749531e-01
  -1.3640858e-01
  -1.0647101e-01
  -6.4705008e-02
  -7.2354474e-03
   7.0770705e-02
   1.7510439e-01
   3.1193749e-01
   4.8654300e-01
   7.1291805e-01
   9.9505125e-01
   1.3232430e+00
   1.6741054e+00
   1.9759886e+00
   1.9371914e+00
   1.0066864e+00
  -1.0675863e+00
  -3.1842398e+00
  -3.3906923e+00
  -1.4588049e+00
   7.8051425e-01
   1.9385107e+00
   2.0935760e+00
   1.8226584e+00
   1.4703262e+00
   1.1349697e+00
   8.4024807e-01
   5.9051612e-01
   3.8338078e-01
   2.1447205e-01
   7.9321849e-02
  -2.6568159e-02
  -1.0754149e-01
  -1.6778682e-01
  -2.1130991e-01
  -2.4164931e-01
  -2.6189217e-01
  -2.7466265e-01
  -2.8210637e-01
  -2.8589044e-01
  -2.8720346e-01
  -2.8692168e-01
  -2.8562200e-01
  -2.8364731e-01
  -2.8127110e-01
  -2.7869751e-01
  -2.7606127e-01
  -2.7342775e-01
  -2.7079293e-01
  -2.6813695e-01
  -2.6549823e-01
  -2.6287975e-01
  -2.6028341e-01
  -2.5771073e-01
  -2.5516282e-01
  -2.5264036e-01
  -2.5014365e-01
  -2.4767256e-01
  -2.4522656e-01
  -2.4280472e-01
  -2.4040646e-01
  -2.3803206e-01
  -2.3568128e-01
  -2.3335389e-01
  -2.3104966e-01
  -2.2876835e-01
  -2.2650975e-01
  -2.2427362e-01
  -2.2205974e-01
  -2.1986789e-01
  -2.1769785e-01
  -2.1554940e-01
  -2.1342233e-01
  -2.1131637e-01
  -2.0923101e-01
  -2.0716630e-01
  -2.0512226e-01
  -2.0309887e-01
  -2.0109595e-01
  -1.9911327e-01
  -1.9715048e-01
  -1.9520714e-01
  -1.9328270e-01
  -1.9137652e-01
  -1.8948787e-01
  -1.8761573e-01
  -1.8573519e-01
  -1.8385991e-01
  -1.8201002e-01
  -1.8017345e-01
  -1.7830590e-01
  -1.7633089e-01
  -1.7413972e-01
  -1.7159152e-01
  -1.6845738e-01
  -1.6436850e-01
  -1.5884923e-01
  -1.5106767e-01
  -1.3982524e-01
  -1.2355669e-01
  -1.0024377e-01
  -6.7285303e-02
  -2.1504279e-02
   4.1199880e-02
   1.2586538e-01
   2.3846807e-01
   3.8409221e-01
   5.7152185e-01
   8.1238039e-01
   1.1066095e+00
   1.4420119e+00
   1.7934417e+00
   2.0525482e+00
   1.8712063e+00
   6.8124266e-01
  -1.5447231e+00
  -3.4195424e+00
  -3.1520852e+00
  -9.9914678e-01
   1.1124482e+00
   2.0920006e+00
   2.1662838e+00
   1.8782941e+00
   1.5238152e+00
   1.1869127e+00
   8.9377924e-01
   6.4422127e-01
   4.3589283e-01
   2.6507501e-01
   1.2763651e-01
   1.9206648e-02
  -6.4474187e-02
  -1.2747593e-01
  -1.7363838e-01
  -2.0638415e-01
  -2.2871876e-01
  -2.4323053e-01
  -2.5209089e-01
  -2.5703190e-01
  -2.5922412e-01
  -2.5955202e-01
  -2.5870544e-01
  -2.5717960e-01
  -2.5527505e-01
  -2.5311182e-01
  -2.5081854e-01
  -2.4845767e-01
  -2.4605825e-01
  -2.4364425e-01
  -2.4123455e-01
  -2.3884299e-01
  -2.3647831e-01
  -2.3414419e-01
  -2.3183925e-01
  -2.2955703e-01
  -2.2729115e-01
  -2.2504733e-01
  -2.2282579e-01
  -2.2062633e-01
  -2.1844874e-01
  -2.1629280e-01
  -2.1415832e-01
  -2.1204508e-01
  -2.0995287e-01
  -2.0788148e-01
  -2.0583071e-01
  -2.0380034e-01
  -2.0179018e-01
  -1.9980001e-01
  -1.9782961e-01
  -1.9587882e-01
  -1.9394745e-01
  -1.9203530e-01
  -1.9014221e-01
  -1.8826797e-01
  -1.8641239e-01
  -1.8457529e-01
  -1.8275647e-01
  -1.8095573e-01
  -1.7917287e-01
  -1.7740769e-01
  -1.7565998e-01
  -1.7391217e-01
  -1.7209032e-01
  -1.7025568e-01
  -1.6846914e-01
  -1.6676713e-01
  -1.6516165e-01
  -1.6364028e-01
  -1.6216613e-01
  -1.6067791e-01
  -1.5908985e-01
  -1.5729179e-01
  -1.5514911e-01
  -1.5250273e-01
  -1.4916765e-01
  -1.4469196e-01
  -1.3849299e-01
  -1.2974593e-01
  -1.1718940e-01
  -9.9125422e-02
  -7.3419433e-02
  -3.7482444e-02
   1.2026428e-02
   7.9320875e-02
   1.6936656e-01
   2.8787787e-01
   4.4131791e-01
   6.3662557e-01
   8.7938597e-01
   1.1749691e+00
   1.5138427e+00
   1.8664018e+00
   2.1195692e+00
   1.9348716e+00
   7.6806892e-01
  -1.4519386e+00
  -3.4135273e+00
  -3.3457634e+00
  -1.3034376e+00
   9.0751104e-01
   2.0471614e+00
   2.2122011e+00
   1.9501763e+00
   1.5979633e+00
   1.2577336e+00
   9.5582040e-01
   6.9722587e-01
   4.8083368e-01
   3.0241462e-01
   1.5789104e-01
   4.2986569e-02
  -4.6422225e-02
  -1.1430581e-01
  -1.6448170e-01
  -2.0051622e-01
  -2.2546276e-01
  -2.4198003e-01
  -2.5230248e-01
  -2.5823909e-01
  -2.6117338e-01
  -2.6206463e-01
  -2.6163868e-01
  -2.6036279e-01
  -2.5851983e-01
  -2.5633662e-01
  -2.5398399e-01
  -2.5157673e-01
  -2.4917363e-01
  -2.4677745e-01
  -2.4436142e-01
  -2.4195868e-01
  -2.3957458e-01
  -2.3721062e-01
  -2.3486803e-01
  -2.3254774e-01
  -2.3025036e-01
  -2.2797621e-01
  -2.2572531e-01
  -2.2349738e-01
  -2.2129185e-01
  -2.1910788e-01
  -2.1694540e-01
  -2.1480443e-01
  -2.1268477e-01
  -2.1058620e-01
  -2.0850851e-01
  -2.0645150e-01
  -2.0441495e-01
  -2.0239867e-01
  -2.0040245e-01
  -1.9842609e-01
  -1.9646940e-01
  -1.9453218e-01
  -1.9261423e-01
  -1.9071535e-01
  -1.8883496e-01
  -1.8697306e-01
  -1.8512979e-01
  -1.8330519e-01
  -1.8149916e-01
  -1.7971150e-01
  -1.7794189e-01
  -1.7618990e-01
  -1.7445498e-01
  -1.7273646e-01
  -1.7103356e-01
  -1.6934537e-01
  -1.6766292e-01
  -1.6597127e-01
  -1.6429430e-01
  -1.6263134e-01
  -1.6095174e-01
  -1.5919484e-01
  -1.5726998e-01
  -1.5505651e-01
  -1.5238957e-01
  -1.4895193e-01
  -1.4438993e-01
  -1.3807930e-01
  -1.2907410e-01
  -1.1610677e-01
  -9.7574398e-02
  -7.1339177e-02
  -3.4863740e-02
   1.5121427e-02
   8.2719955e-02
   1.7286959e-01
   2.9120511e-01
   4.4247986e-01
   6.3740442e-01
   8.8251222e-01
   1.1767136e+00
   1.5112960e+00
   1.8641413e+00
   2.1313996e+00
   1.9987696e+00
   9.3407692e-01
  -1.2140645e+00
  -3.2995654e+00
  -3.5145176e+00
  -1.6337389e+00
   6.5267786e-01
   1.9005171e+00
   2.1178502e+00
   1.8695352e+00
   1.5168699e+00
   1.1750137e+00
   8.7669909e-01
   6.2199040e-01
   4.0954132e-01
   2.3581037e-01
   9.6380560e-02
  -1.3328101e-02
  -9.7731324e-02
  -1.6103749e-01
  -2.0710384e-01
  -2.3943647e-01
  -2.6119036e-01
  -2.7515826e-01
  -2.8351944e-01
  -2.8787112e-01
  -2.8949849e-01
  -2.8938551e-01
  -2.8821489e-01
  -2.8637042e-01
  -2.8413620e-01
  -2.8168321e-01
  -2.7908347e-01
  -2.7639746e-01
  -2.7367413e-01
  -2.7095093e-01
  -2.6825375e-01
  -2.6559698e-01
  -2.6298347e-01
  -2.6040456e-01
  -2.5784059e-01
  -2.5529298e-01
  -2.5277060e-01
  -2.5027324e-01
  -2.4780067e-01
  -2.4535268e-01
  -2.4292903e-01
  -2.4052949e-01
  -2.3815384e-01
  -2.3580184e-01
  -2.3347326e-01
  -2.3116785e-01
  -2.2888539e-01
  -2.2662562e-01
  -2.2438832e-01
  -2.2217328e-01
  -2.1998028e-01
  -2.1780911e-01
  -2.1565956e-01
  -2.1353140e-01
  -2.1142443e-01
  -2.0933842e-01
  -2.0727318e-01
  -2.0522848e-01
  -2.0320410e-01
  -2.0119985e-01
  -1.9921551e-01
  -1.9724862e-01
  -1.9524878e-01
  -1.9323706e-01
  -1.9125688e-01
  -1.8933569e-01
  -1.8748497e-01
  -1.8570025e-01
  -1.8396110e-01
  -1.8223112e-01
  -1.8045795e-01
  -1.7857328e-01
  -1.7649282e-01
  -1.7411633e-01
  -1.7132539e-01
  -1.6777570e-01
  -1.6310524e-01
  -1.5674768e-01
  -1.4773936e-01
  -1.3471934e-01
  -1.1592939e-01
  -8.9206542e-02
  -5.1770291e-02
  -3.7165641e-05
   7.0388419e-02
   1.6472698e-01
   2.8902398e-01
   4.5014981e-01
   6.5501365e-01
   9.0998211e-01
   1.2177142e+00
   1.5642597e+00
   1.9081818e+00
   2.0825687e+00
   1.6564520e+00
   9.6958151e-02
  -2.2454936e+00
  -3.6330815e+00
  -2.6927596e+00
  -3.5781228e-01
   1.4614342e+00
   2.0865111e+00
   1.9847426e+00
   1.6526629e+00
   1.3038764e+00
   9.8556218e-01
   7.1167281e-01
   4.8399155e-01
   2.9625014e-01
   1.4474053e-01
   2.4865854e-02
  -6.7840877e-02
  -1.3769534e-01
  -1.8885416e-01
  -2.2510321e-01
  -2.4978984e-01
  -2.6579945e-01
  -2.7552325e-01
  -2.8085823e-01
  -2.8320721e-01
  -2.8359006e-01
  -2.8272119e-01
  -2.8101623e-01
  -2.7880520e-01
  -2.7633472e-01
  -2.7376801e-01
  -2.7118488e-01
  -2.6858178e-01
  -2.6595462e-01
  -2.6334153e-01
  -2.6074605e-01
  -2.5817112e-01
  -2.5561903e-01
  -2.5309143e-01
  -2.5058936e-01
  -2.4811322e-01
  -2.4566275e-01
  -2.4323710e-01
  -2.4083488e-01
  -2.3845622e-01
  -2.3610122e-01
  -2.3376965e-01
  -2.3146128e-01
  -2.2917588e-01
  -2.2691322e-01
  -2.2467308e-01
  -2.2245523e-01
  -2.2025944e-01
  -2.1808550e-01
  -2.1593320e-01
  -2.1380231e-01
  -2.1169262e-01
  -2.0960375e-01
  -2.0753551e-01
  -2.0548787e-01
  -2.0346075e-01
  -2.0145403e-01
  -1.9946750e-01
  -1.9750090e-01
  -1.9555392e-01
  -1.9362618e-01
  -1.9171725e-01
  -1.8982662e-01
  -1.8795375e-01
  -1.8609319e-01
  -1.8422393e-01
  -1.8237265e-01
  -1.8055072e-01
  -1.7874258e-01
  -1.7690575e-01
  -1.7497085e-01
  -1.7284157e-01
  -1.7039469e-01
  -1.6740971e-01
  -1.6355995e-01
  -1.5839651e-01
  -1.5112528e-01
  -1.4060301e-01
  -1.2533733e-01
  -1.0337194e-01
  -7.2204501e-02
  -2.8744941e-02
   3.1024655e-02
   1.1205666e-01
   2.2023790e-01
   3.6092729e-01
   5.4319195e-01
   7.7681416e-01
   1.0626780e+00
   1.3926084e+00
   1.7465127e+00
   2.0280748e+00
   1.9206248e+00
   8.5786460e-01
  -1.3111435e+00
  -3.3070404e+00
  -3.2547081e+00
  -1.1881980e+00
   9.4414914e-01
   1.8670518e+00
   1.8688770e+00
   1.5530462e+00
   1.2014416e+00
   8.8440651e-01
   6.1348374e-01
   3.8909132e-01
   2.0704613e-01
   6.2410061e-02
  -4.9941465e-02
  -1.3492928e-01
  -1.9726635e-01
  -2.4145687e-01
  -2.7158432e-01
  -2.9108793e-01
  -3.0287597e-01
  -3.0929668e-01
  -3.1213824e-01
  -3.1263407e-01
  -3.1169279e-01
  -3.0983953e-01
  -3.0740548e-01
  -3.0465006e-01
  -3.0176091e-01
  -2.9885391e-01
  -2.9597316e-01
  -2.9309163e-01
  -2.9020461e-01
  -2.8734092e-01
  -2.8450205e-01
  -2.8168922e-01
  -2.7890330e-01
  -2.7614486e-01
  -2.7341419e-01
  -2.7071124e-01
  -2.6803567e-01
  -2.6538683e-01
  -2.6276394e-01
  -2.6016707e-01
  -2.5759604e-01
  -2.5505060e-01
  -2.5253048e-01
  -2.5003544e-01
  -2.4756523e-01
  -2.4511959e-01
  -2.4269829e-01
  -2.4030108e-01
  -2.3792773e-01
  -2.3557799e-01
  -2.3325163e-01
  -2.3094815e-01
  -2.2866717e-01
  -2.2640895e-01
  -2.2417358e-01
  -2.2196098e-01
  -2.1977086e-01
  -2.1760278e-01
  -2.1545610e-01
  -2.1333000e-01
  -2.1122348e-01
  -2.0913534e-01
  -2.0705547e-01
  -2.0495461e-01
  -2.0287300e-01
  -2.0081538e-01
  -1.9873563e-01
  -1.9653679e-01
  -1.9407104e-01
  -1.9113971e-01
  -1.8745913e-01
  -1.8251003e-01
  -1.7563719e-01
  -1.6572274e-01
  -1.5114354e-01
  -1.2977114e-01
  -9.8878909e-02
  -5.4942869e-02
   6.4522064e-03
   9.0842057e-02
   2.0488812e-01
   3.5615048e-01
   5.4264749e-01
   7.9240719e-01
   1.1152888e+00
   1.4774482e+00
   1.8013380e+00
   1.9202742e+00
   1.2641043e+00
  -6.2471774e-01
  -2.8218006e+00
  -3.2729813e+00
  -1.4315391e+00
   7.4047196e-01
   1.6502788e+00
   1.6072701e+00
   1.2786629e+00
   9.3552034e-01
   6.3284849e-01
   3.8197814e-01
   1.7872541e-01
   1.8153458e-02
  -1.0547852e-01
  -1.9787931e-01
  -2.6466715e-01
  -3.1103223e-01
  -3.4173534e-01
  -3.6084950e-01
  -3.7173050e-01
  -3.7701743e-01
  -3.7872514e-01
  -3.7811515e-01
  -3.7604753e-01
  -3.7317264e-01
  -3.6993118e-01
  -3.6655418e-01
  -3.6307224e-01
  -3.5954162e-01
  -3.5601271e-01
  -3.5249831e-01
  -3.4900833e-01
  -3.4554984e-01
  -3.4212707e-01
  -3.3874134e-01
  -3.3539116e-01
  -3.3207259e-01
  -3.2878611e-01
  -3.2553233e-01
  -3.2231091e-01
  -3.1912154e-01
  -3.1596390e-01
  -3.1283769e-01
  -3.0974258e-01
  -3.0667827e-01
  -3.0364445e-01
  -3.0064082e-01
  -2.9766707e-01
  -2.9472287e-01
  -2.9180792e-01
  -2.8892198e-01
  -2.8606481e-01
  -2.8323613e-01
  -2.8043566e-01
  -2.7766310e-01
  -2.7491812e-01
  -2.7220039e-01
  -2.6950956e-01
  -2.6684526e-01
  -2.6419900e-01
