  -1.6979031e-01
  -1.6809641e-01
  -1.6642687e-01
  -1.6478283e-01
  -1.6314854e-01
  -1.6149135e-01
  -1.5976169e-01
  -1.5789307e-01
  -1.5580211e-01
  -1.5330225e-01
  -1.5018398e-01
  -1.4610161e-01
  -1.4042523e-01
  -1.3224073e-01
  -1.2034979e-01
  -1.0311866e-01
  -7.8452243e-02
  -4.3705070e-02
   4.6435297e-03
   7.0991556e-02
   1.6061434e-01
   2.7933942e-01
   4.3512069e-01
   6.3706310e-01
   8.9249316e-01
   1.2069059e+00
   1.5759996e+00
   1.9983806e+00
   2.4593850e+00
   2.7404849e+00
   2.4018297e+00
   7.7281353e-01
  -2.0672381e+00
  -4.3686017e+00
  -4.0946591e+00
  -1.3450037e+00
   1.3272138e+00
   2.5029626e+00
   2.5448627e+00
   2.1663880e+00
   1.7245267e+00
   1.3144182e+00
   9.5864082e-01
   6.6036484e-01
   4.1386199e-01
   2.1418016e-01
   5.5593182e-02
  -6.7541258e-02
  -1.6078163e-01
  -2.2943207e-01
  -2.7833730e-01
  -3.1189605e-01
  -3.3387325e-01
  -3.4739912e-01
  -3.5496912e-01
  -3.5846195e-01
  -3.5930766e-01
  -3.5836952e-01
  -3.5628531e-01
  -3.5354448e-01
  -3.5048813e-01
  -3.4730904e-01
  -3.4405166e-01
  -3.4072578e-01
  -3.3739984e-01
  -3.3408430e-01
  -3.3078774e-01
  -3.2751685e-01
  -3.2427646e-01
  -3.2106951e-01
  -3.1789708e-01
  -3.1475835e-01
  -3.1165065e-01
  -3.0857185e-01
  -3.0552362e-01
  -3.0250572e-01
  -2.9951783e-01
  -2.9655968e-01
  -2.9363096e-01
  -2.9073138e-01
  -2.8786065e-01
  -2.8501849e-01
  -2.8220461e-01
  -2.7941873e-01
  -2.7666057e-01
  -2.7392985e-01
  -2.7122624e-01
  -2.6854944e-01
  -2.6589927e-01
  -2.6327552e-01
  -2.6067798e-01
  -2.5810639e-01
  -2.5556048e-01
  -2.5303996e-01
  -2.5054452e-01
  -2.4807381e-01
  -2.4562746e-01
  -2.4320511e-01
  -2.4080632e-01
  -2.3841562e-01
  -2.3602285e-01
  -2.3366263e-01
  -2.3134801e-01
  -2.2906826e-01
  -2.2678881e-01
  -2.2445133e-01
  -2.2197363e-01
  -2.1924974e-01
  -2.1613702e-01
  -2.1230936e-01
  -2.0742944e-01
  -2.0084607e-01
  -1.9150673e-01
  -1.7795763e-01
  -1.5832713e-01
  -1.3003736e-01
  -9.0005615e-02
  -3.4167509e-02
   4.2685543e-02
   1.4690631e-01
   2.8586087e-01
   4.6688639e-01
   7.0262027e-01
   1.0011321e+00
   1.3630318e+00
   1.7814695e+00
   2.2253198e+00
   2.5455122e+00
   2.2933446e+00
   7.4486168e-01
  -2.0890667e+00
  -4.3037308e+00
  -3.7610809e+00
  -9.9576038e-01
   1.3982957e+00
   2.2013512e+00
   2.0409872e+00
   1.6188034e+00
   1.1934877e+00
   8.1469266e-01
   4.9887311e-01
   2.4218365e-01
   3.6319486e-02
  -1.2450641e-01
  -2.4688935e-01
  -3.3718521e-01
  -4.0150057e-01
  -4.4541422e-01
  -4.7384246e-01
  -4.9095508e-01
  -5.0012747e-01
  -5.0394060e-01
  -5.0428394e-01
  -5.0246533e-01
  -4.9922564e-01
  -4.9514293e-01
  -4.9064583e-01
  -4.8601354e-01
  -4.8137581e-01
  -4.7671385e-01
  -4.7202642e-01
  -4.6736946e-01
  -4.6274814e-01
  -4.5816659e-01
  -4.5362789e-01
  -4.4913408e-01
  -4.4468614e-01
  -4.4028400e-01
  -4.3592655e-01
  -4.3161172e-01
  -4.2733921e-01
  -4.2310921e-01
  -4.1892131e-01
  -4.1477507e-01
  -4.1067009e-01
  -4.0660595e-01
  -4.0258225e-01
  -3.9859859e-01
  -3.9465457e-01
  -3.9074979e-01
  -3.8688387e-01
  -3.8305641e-01
  -3.7926684e-01
  -3.7551479e-01
  -3.7180014e-01
  -3.6812266e-01
  -3.6448204e-01
  -3.6087791e-01
  -3.5730978e-01
  -3.5377709e-01
  -3.5027921e-01
  -3.4681542e-01
  -3.4338489e-01
  -3.3997856e-01
  -3.3654445e-01
  -3.3314251e-01
  -3.2981118e-01
  -3.2653372e-01
  -3.2323831e-01
  -3.1979795e-01
  -3.1603054e-01
  -3.1169886e-01
  -3.0646055e-01
  -2.9964088e-01
  -2.9042060e-01
  -2.7735245e-01
  -2.5829331e-01
  -2.3040423e-01
  -1.9009907e-01
  -1.3264863e-01
  -5.2011366e-02
   5.9253336e-02
   2.0999439e-01
   4.1046900e-01
   6.6936112e-01
   1.0000654e+00
   1.4043154e+00
   1.8465826e+00
   2.3506705e+00
   2.2630360e+00
   6.4615444e-01
  -2.1242715e+00
  -4.2383035e+00
  -3.3545814e+00
  -4.6628337e-01
   1.6938647e+00
   2.2836218e+00
   2.0484897e+00
   1.6174332e+00
   1.1973378e+00
   8.2661188e-01
   5.1895160e-01
   2.6987690e-01
   7.0444456e-02
  -8.4970700e-02
  -2.0293901e-01
  -2.8974893e-01
  -3.5140686e-01
  -3.9344647e-01
  -4.2063589e-01
  -4.3701953e-01
  -4.4586325e-01
  -4.4965433e-01
  -4.5016256e-01
  -4.4866652e-01
  -4.4585585e-01
  -4.4225004e-01
  -4.3824083e-01
  -4.3409221e-01
  -4.2994043e-01
  -4.2579399e-01
  -4.2161080e-01
  -4.1745377e-01
  -4.1332914e-01
  -4.0924007e-01
  -4.0518896e-01
  -4.0117747e-01
  -3.9720650e-01
  -3.9327622e-01
  -3.8938601e-01
  -3.8553454e-01
  -3.8172055e-01
  -3.7794447e-01
  -3.7420596e-01
  -3.7050464e-01
  -3.6684016e-01
  -3.6321214e-01
  -3.5962022e-01
  -3.5606403e-01
  -3.5254324e-01
  -3.4905748e-01
  -3.4560640e-01
  -3.4218966e-01
  -3.3880684e-01
  -3.3545732e-01
  -3.3214106e-01
  -3.2885799e-01
  -3.2560795e-01
  -3.2239063e-01
  -3.1920560e-01
  -3.1605230e-01
  -3.1293005e-01
  -3.0983804e-01
  -3.0677536e-01
  -3.0374089e-01
  -3.0068886e-01
  -2.9764271e-01
  -2.9465074e-01
  -2.9170274e-01
  -2.8872999e-01
  -2.8560529e-01
  -2.8214293e-01
  -2.7809871e-01
  -2.7310519e-01
  -2.6648836e-01
  -2.5738864e-01
  -2.4430730e-01
  -2.2506507e-01
  -1.9680209e-01
  -1.5585677e-01
  -9.7438871e-02
  -1.5499673e-02
   9.7472870e-02
   2.5045787e-01
   4.5359536e-01
   6.9711808e-01
   1.0308409e+00
   1.4701834e+00
   1.9415168e+00
   2.2821649e+00
   2.1526747e+00
   6.9660278e-01
  -2.1386471e+00
  -4.1422226e+00
  -3.1202809e+00
  -2.1581833e-01
   2.0105348e+00
   2.7567915e+00
   2.6106277e+00
   2.1903139e+00
   1.7514008e+00
   1.3543197e+00
   1.0130706e+00
   7.2725634e-01
   4.9188607e-01
   3.0157942e-01
   1.5070840e-01
   3.3742489e-02
  -5.4751375e-02
  -1.1993915e-01
  -1.6648081e-01
  -1.9858444e-01
  -2.1984134e-01
  -2.3322494e-01
  -2.4109082e-01
  -2.4517722e-01
  -2.4678481e-01
  -2.4677056e-01
  -2.4569958e-01
  -2.4400900e-01
  -2.4200793e-01
  -2.3987749e-01
  -2.3767081e-01
  -2.3539763e-01
  -2.3311677e-01
  -2.3083783e-01
  -2.2856857e-01
  -2.2631510e-01
  -2.2408190e-01
  -2.2187182e-01
  -2.1968604e-01
  -2.1752413e-01
  -2.1538399e-01
  -2.1326322e-01
  -2.1116332e-01
  -2.0908432e-01
  -2.0702600e-01
  -2.0498815e-01
  -2.0297058e-01
  -2.0097309e-01
  -1.9899547e-01
  -1.9703753e-01
  -1.9509908e-01
  -1.9317991e-01
  -1.9127984e-01
  -1.8939867e-01
  -1.8753620e-01
  -1.8569213e-01
  -1.8386637e-01
  -1.8205882e-01
  -1.8026936e-01
  -1.7849782e-01
  -1.7674403e-01
  -1.7500777e-01
  -1.7328881e-01
  -1.7158687e-01
  -1.6990166e-01
  -1.6823288e-01
  -1.6658015e-01
  -1.6493976e-01
  -1.6329579e-01
  -1.6166862e-01
  -1.6006870e-01
  -1.5848737e-01
  -1.5689683e-01
  -1.5525017e-01
  -1.5348133e-01
  -1.5150513e-01
  -1.4916757e-01
  -1.4622449e-01
  -1.4235793e-01
  -1.3693787e-01
  -1.2901335e-01
  -1.1731248e-01
  -1.0010322e-01
  -7.5116991e-02
  -3.9475173e-02
   1.0681271e-02
   8.0197077e-02
   1.7490268e-01
   3.0120942e-01
   4.6836797e-01
   6.8585423e-01
   9.6096649e-01
   1.2988235e+00
   1.6876614e+00
   2.1391028e+00
   2.5512031e+00
   2.5783567e+00
   1.5924087e+00
  -8.6712170e-01
  -3.6615605e+00
  -4.3256932e+00
  -2.1814073e+00
   7.0174846e-01
   2.4546613e+00
   2.8912128e+00
   2.6462381e+00
   2.2109455e+00
   1.7731025e+00
   1.3795592e+00
   1.0384407e+00
   7.4963299e-01
   5.0962152e-01
   3.1320537e-01
   1.5521766e-01
   3.0527501e-02
  -6.5742391e-02
  -1.3821567e-01
  -1.9126236e-01
  -2.2899200e-01
  -2.5494169e-01
  -2.7194703e-01
  -2.8239964e-01
  -2.8824719e-01
  -2.9099344e-01
  -2.9169821e-01
  -2.9101444e-01
  -2.8950233e-01
  -2.8744156e-01
  -2.8502182e-01
  -2.8239592e-01
  -2.7967987e-01
  -2.7695283e-01
  -2.7425714e-01
  -2.7159830e-01
  -2.6894555e-01
  -2.6629679e-01
  -2.6367223e-01
  -2.6107222e-01
  -2.5849704e-01
  -2.5594686e-01
  -2.5342178e-01
  -2.5092180e-01
  -2.4844685e-01
  -2.4599674e-01
  -2.4357124e-01
  -2.4117000e-01
  -2.3879258e-01
  -2.3643866e-01
  -2.3410815e-01
  -2.3180084e-01
  -2.2951648e-01
  -2.2725485e-01
  -2.2501572e-01
  -2.2279888e-01
  -2.2060409e-01
  -2.1843115e-01
  -2.1627982e-01
  -2.1414990e-01
  -2.1204118e-01
  -2.0995343e-01
  -2.0788646e-01
  -2.0583988e-01
  -2.0381033e-01
  -2.0179906e-01
  -1.9980858e-01
  -1.9784044e-01
  -1.9589527e-01
  -1.9397273e-01
  -1.9207155e-01
  -1.9018955e-01
  -1.8832355e-01
  -1.8646947e-01
  -1.8462228e-01
  -1.8277600e-01
  -1.8092076e-01
  -1.7899818e-01
  -1.7702127e-01
  -1.7495890e-01
  -1.7268733e-01
  -1.6999021e-01
  -1.6655861e-01
  -1.6199096e-01
  -1.5569061e-01
  -1.4680006e-01
  -1.3415232e-01
  -1.1606300e-01
  -9.0328533e-02
  -5.4219312e-02
  -4.3054263e-03
   6.3591598e-02
   1.5460968e-01
   2.7491447e-01
   4.3169937e-01
   6.2893417e-01
   8.7442455e-01
   1.1929825e+00
   1.5843744e+00
   2.0206339e+00
   2.4460622e+00
   2.7536225e+00
   2.5021207e+00
   1.0697819e+00
  -1.6692689e+00
  -4.2054331e+00
  -4.4318777e+00
  -2.0905007e+00
   7.9376483e-01
   2.5196155e+00
   2.9585546e+00
   2.7332551e+00
   2.3015942e+00
   1.8608854e+00
   1.4591483e+00
   1.1108812e+00
   8.1352418e-01
   5.6411581e-01
   3.5821269e-01
   1.9112099e-01
   5.7897984e-02
  -4.6237482e-02
  -1.2584280e-01
  -1.8525899e-01
  -2.2837670e-01
  -2.5863621e-01
  -2.7902740e-01
  -2.9208977e-01
  -2.9991704e-01
  -3.0405704e-01
  -3.0558478e-01
  -3.0536134e-01
  -3.0404698e-01
  -3.0210115e-01
  -2.9978249e-01
  -2.9719564e-01
  -2.9448865e-01
  -2.9170997e-01
  -2.8889082e-01
  -2.8605710e-01
  -2.8322933e-01
  -2.8042273e-01
  -2.7764713e-01
  -2.7490705e-01
  -2.7220165e-01
  -2.6952476e-01
  -2.6686715e-01
  -2.6423399e-01
  -2.6162699e-01
  -2.5904589e-01
  -2.5649044e-01
  -2.5396041e-01
  -2.5145555e-01
  -2.4897560e-01
  -2.4652034e-01
  -2.4408952e-01
  -2.4168288e-01
  -2.3930020e-01
  -2.3694124e-01
  -2.3460574e-01
  -2.3229346e-01
  -2.3000417e-01
  -2.2773764e-01
  -2.2549368e-01
  -2.2327205e-01
  -2.2107256e-01
  -2.1889497e-01
  -2.1673908e-01
  -2.1460465e-01
  -2.1249147e-01
  -2.1039931e-01
  -2.0832793e-01
  -2.0627711e-01
  -2.0424662e-01
  -2.0223621e-01
  -2.0023736e-01
  -1.9823817e-01
  -1.9625951e-01
  -1.9431473e-01
  -1.9240738e-01
  -1.9053114e-01
  -1.8866988e-01
  -1.8679763e-01
  -1.8487859e-01
  -1.8286712e-01
  -1.8070774e-01
  -1.7831329e-01
  -1.7549119e-01
  -1.7206471e-01
  -1.6765554e-01
  -1.6165364e-01
  -1.5321724e-01
  -1.4127004e-01
  -1.2429268e-01
  -1.0045906e-01
  -6.7382713e-02
  -2.1936156e-02
   3.9749163e-02
   1.2228284e-01
   2.3084022e-01
   3.7219882e-01
   5.5429259e-01
   7.8424517e-01
   1.0683222e+00
   1.4097166e+00
   1.8099039e+00
   2.2579900e+00
   2.6671679e+00
   2.8392252e+00
   2.2039452e+00
   2.7396580e-01
  -2.6808943e+00
  -4.6748735e+00
  -4.1304113e+00
  -1.4433257e+00
   1.2677404e+00
   2.6488211e+00
   2.8681277e+00
   2.5540985e+00
   2.1089905e+00
   1.6784409e+00
   1.2930722e+00
   9.5947460e-01
   6.7732327e-01
   4.4234926e-01
   2.4976083e-01
   9.4519833e-02
  -2.8251085e-02
  -1.2323562e-01
  -1.9492380e-01
  -2.4761200e-01
  -2.8523100e-01
  -3.1106944e-01
  -3.2797265e-01
  -3.3832449e-01
  -3.4404730e-01
  -3.4660194e-01
  -3.4698780e-01
  -3.4595497e-01
  -3.4401896e-01
  -3.4146518e-01
  -3.3852720e-01
  -3.3538679e-01
  -3.3217389e-01
  -3.2896664e-01
  -3.2579133e-01
  -3.2262247e-01
  -3.1944726e-01
  -3.1629849e-01
  -3.1317730e-01
  -3.1008460e-01
  -3.0702113e-01
  -3.0398742e-01
  -3.0098376e-01
  -2.9801028e-01
  -2.9506688e-01
  -2.9215325e-01
  -2.8926889e-01
  -2.8641308e-01
  -2.8358532e-01
  -2.8078570e-01
  -2.7801393e-01
  -2.7526974e-01
  -2.7255286e-01
  -2.6986301e-01
  -2.6719993e-01
  -2.6456335e-01
  -2.6195300e-01
  -2.5936863e-01
  -2.5680997e-01
  -2.5427677e-01
  -2.5176877e-01
  -2.4928573e-01
  -2.4682737e-01
  -2.4439268e-01
  -2.4198168e-01
  -2.3959483e-01
  -2.3723237e-01
  -2.3489427e-01
  -2.3258028e-01
  -2.3028991e-01
  -2.2802244e-01
  -2.2577688e-01
  -2.2355203e-01
  -2.2134645e-01
  -2.1915845e-01
  -2.1698303e-01
  -2.1478708e-01
  -2.1259525e-01
  -2.1041367e-01
  -2.0820447e-01
  -2.0588581e-01
  -2.0333183e-01
  -2.0037268e-01
  -1.9679283e-01
  -1.9219142e-01
  -1.8609410e-01
  -1.7776711e-01
  -1.6608225e-01
  -1.4951688e-01
  -1.2615390e-01
  -9.3539960e-02
  -4.8650524e-02
   1.2203938e-02
   9.3667706e-02
   2.0134147e-01
   3.4178231e-01
   5.2039299e-01
   7.4596600e-01
   1.0326704e+00
   1.3829495e+00
   1.7868216e+00
   2.2218807e+00
   2.6328240e+00
   2.7751494e+00
   2.1305750e+00
   1.3086367e-01
  -2.7859492e+00
  -4.7339518e+00
  -3.9943874e+00
  -1.2126861e+00
   1.4291484e+00
   2.7121034e+00
   2.8712478e+00
   2.5414515e+00
   2.1004174e+00
   1.6722459e+00
   1.2857800e+00
   9.5383508e-01
   6.7506025e-01
   4.4186551e-01
   2.5070372e-01
   9.6605902e-02
  -2.5250440e-02
  -1.1954127e-01
  -1.9079579e-01
  -2.4323417e-01
  -2.8063024e-01
  -3.0633476e-01
  -3.2320623e-01
  -3.3361093e-01
  -3.3942285e-01
  -3.4202376e-01
  -3.4247289e-01
  -3.4149160e-01
  -3.3953176e-01
  -3.3695838e-01
  -3.3404951e-01
  -3.3099631e-01
  -3.2790303e-01
  -3.2478700e-01
  -3.2162715e-01
  -3.1847755e-01
  -3.1534591e-01
  -3.1223635e-01
  -3.0915224e-01
  -3.0609617e-01
  -3.0306999e-01
  -3.0007477e-01
  -2.9711083e-01
  -2.9417773e-01
  -2.9127426e-01
  -2.8839861e-01
  -2.8555110e-01
  -2.8273192e-01
  -2.7994079e-01
  -2.7717743e-01
  -2.7444157e-01
  -2.7173293e-01
  -2.6905124e-01
  -2.6639623e-01
  -2.6376765e-01
  -2.6116522e-01
  -2.5858868e-01
  -2.5603778e-01
  -2.5351227e-01
  -2.5101188e-01
  -2.4853622e-01
  -2.4608499e-01
  -2.4365814e-01
  -2.4125555e-01
  -2.3887706e-01
  -2.3652248e-01
  -2.3419153e-01
  -2.3188393e-01
  -2.2959931e-01
  -2.2733726e-01
  -2.2509734e-01
  -2.2287903e-01
  -2.2068180e-01
  -2.1850420e-01
  -2.1632326e-01
  -2.1415489e-01
  -2.1201675e-01
  -2.0990401e-01
  -2.0778940e-01
  -2.0562321e-01
  -2.0333323e-01
  -2.0082481e-01
  -1.9797937e-01
  -1.9453621e-01
  -1.9022526e-01
  -1.8459468e-01
  -1.7688371e-01
  -1.6602267e-01
  -1.5063295e-01
  -1.2893351e-01
  -9.8606549e-02
  -5.6904515e-02
  -2.2797373e-04
   7.5896636e-02
   1.7681700e-01
   3.0861684e-01
   4.7740855e-01
   6.9362128e-01
   9.6491974e-01
   1.2943328e+00
   1.6802534e+00
   2.1119030e+00
   2.5468457e+00
   2.8035846e+00
   2.4562225e+00
   8.2210836e-01
  -1.9881472e+00
  -4.4426684e+00
  -4.5019875e+00
  -2.0980651e+00
   7.4803021e-01
   2.3091813e+00
   2.5944846e+00
   2.2838694e+00
   1.8404166e+00
   1.4167057e+00
   1.0425962e+00
   7.2343550e-01
   4.5766277e-01
   2.4011054e-01
   6.5302404e-02
  -7.2374538e-02
  -1.7829455e-01
  -2.5759312e-01
  -3.1516689e-01
  -3.5561332e-01
  -3.8282065e-01
  -4.0008830e-01
  -4.1016842e-01
  -4.1525704e-01
  -4.1699401e-01
  -4.1648864e-01
  -4.1461076e-01
  -4.1182309e-01
  -4.0844354e-01
  -4.0472587e-01
  -4.0085972e-01
  -3.9697055e-01
  -3.9311972e-01
  -3.8930441e-01
  -3.8547715e-01
  -3.8167251e-01
  -3.7790155e-01
  -3.7416528e-01
  -3.7046444e-01
  -3.6679957e-01
  -3.6317099e-01
  -3.5957877e-01
  -3.5602277e-01
  -3.5250263e-01
  -3.4901775e-01
  -3.4556732e-01
  -3.4215096e-01
  -3.3876860e-01
  -3.3541989e-01
  -3.3210451e-01
  -3.2882211e-01
  -3.2557237e-01
  -3.2235498e-01
  -3.1916959e-01
  -3.1601590e-01
  -3.1289359e-01
  -3.0980235e-01
  -3.0674187e-01
  -3.0371184e-01
  -3.0071188e-01
  -2.9774083e-01
  -2.9479892e-01
  -2.9188663e-01
  -2.8900414e-01
  -2.8615131e-01
  -2.8332772e-01
  -2.8053263e-01
  -2.7776502e-01
  -2.7502353e-01
  -2.7230652e-01
  -2.6961205e-01
  -2.6693649e-01
  -2.6423260e-01
  -2.6152969e-01
  -2.5884911e-01
  -2.5614967e-01
  -2.5332771e-01
  -2.5021705e-01
  -2.4658900e-01
  -2.4215240e-01
  -2.3639875e-01
  -2.2864629e-01
  -2.1790183e-01
  -2.0263572e-01
  -1.8078178e-01
  -1.4973736e-01
  -1.0620670e-01
  -4.6054592e-02
   3.5835280e-02
   1.4571360e-01
   2.9096545e-01
   4.8010739e-01
   7.0836497e-01
   1.0052276e+00
   1.3927318e+00
   1.8434569e+00
   2.2805259e+00
   2.5762261e+00
   2.3182372e+00
   7.9536226e-01
  -2.0272785e+00
  -4.3232474e+00
  -4.0032693e+00
  -1.3521326e+00
   1.1949188e+00
   2.1722383e+00
   2.0821006e+00
   1.6695028e+00
   1.2378064e+00
   8.5307922e-01
   5.2948886e-01
   2.6364683e-01
   5.0131553e-02
  -1.1753533e-01
  -2.4581461e-01
  -3.4113080e-01
  -4.0956395e-01
  -4.5674264e-01
  -4.8767788e-01
  -5.0661130e-01
  -5.1701511e-01
  -5.2161097e-01
  -5.2245418e-01
  -5.2078603e-01
  -5.1753487e-01
  -5.1340403e-01
  -5.0887177e-01
  -5.0419135e-01
  -4.9939542e-01
  -4.9453471e-01
  -4.8968058e-01
  -4.8484773e-01
  -4.8004784e-01
  -4.7528959e-01
  -4.7057865e-01
  -4.6591769e-01
  -4.6130638e-01
  -4.5674137e-01
  -4.5221902e-01
  -4.4774149e-01
  -4.4330849e-01
  -4.3891960e-01
  -4.3457438e-01
  -4.3027238e-01
  -4.2601320e-01
  -4.2179639e-01
  -4.1762155e-01
  -4.1348825e-01
  -4.0939607e-01
  -4.0534462e-01
  -4.0133343e-01
  -3.9736209e-01
  -3.9343025e-01
  -3.8953759e-01
  -3.8568373e-01
  -3.8186830e-01
  -3.7809090e-01
  -3.7435112e-01
  -3.7064853e-01
  -3.6698267e-01
  -3.6335307e-01
  -3.5975925e-01
  -3.5617419e-01
  -3.5241555e-01
  -3.4862665e-01
  -3.4496356e-01
  -3.4150699e-01
  -3.3826229e-01
  -3.3515946e-01
  -3.3205314e-01
  -3.2872262e-01
  -3.2487184e-01
  -3.2012937e-01
  -3.1404844e-01
  -3.0608565e-01
  -2.9497789e-01
  -2.7919742e-01
  -2.5651885e-01
  -2.2371184e-01
  -1.7654105e-01
  -1.0976613e-01
  -1.8415475e-02
   1.0609673e-01
   2.7733101e-01
   5.0533207e-01
   7.9638761e-01
   1.1530284e+00
   1.5714890e+00
   2.0145997e+00
   2.2969857e+00
   1.8381073e+00
  -1.4111303e-01
  -3.0530700e+00
  -4.2461768e+00
  -2.3626312e+00
   5.0296929e-01
   1.9215841e+00
   2.0275224e+00
   1.6413224e+00
   1.2070581e+00
   8.2055284e-01
   4.9848437e-01
   2.3732194e-01
   3.0811950e-02
  -1.2821225e-01
  -2.4708907e-01
  -3.3301430e-01
  -3.9267832e-01
  -4.3218299e-01
  -4.5674324e-01
  -4.7068667e-01
  -4.7747050e-01
  -4.7965336e-01
  -4.7881885e-01
  -4.7615429e-01
  -4.7252280e-01
  -4.6846326e-01
  -4.6419030e-01
  -4.5975163e-01
  -4.5528135e-01
  -4.5080711e-01
  -4.4634994e-01
  -4.4192559e-01
  -4.3754450e-01
  -4.3321183e-01
  -4.2892744e-01
  -4.2468589e-01
  -4.2048243e-01
  -4.1632069e-01
  -4.1220034e-01
  -4.0812098e-01
  -4.0408220e-01
  -4.0008361e-01
  -3.9612481e-01
  -3.9220540e-01
  -3.8832499e-01
  -3.8448319e-01
  -3.8067962e-01
  -3.7691388e-01
  -3.7318554e-01
  -3.6949431e-01
  -3.6583983e-01
  -3.6222178e-01
  -3.5863978e-01
  -3.5509347e-01
  -3.5158247e-01
  -3.4810636e-01
  -3.4466474e-01
  -3.4125717e-01
  -3.3788321e-01
  -3.3443392e-01
  -3.3088975e-01
  -3.2741759e-01
  -3.2411289e-01
  -3.2099824e-01
  -3.1802334e-01
  -3.1506502e-01
  -3.1192726e-01
  -3.0834116e-01
  -3.0396496e-01
  -2.9838400e-01
  -2.9097866e-01
  -2.8039115e-01
  -2.6504676e-01
  -2.4234266e-01
  -2.0854093e-01
  -1.5876853e-01
  -8.7257547e-02
   1.1631710e-02
   1.5171188e-01
   3.4577886e-01
   6.0298270e-01
   9.2882750e-01
   1.3251449e+00
   1.7680103e+00
   2.1339085e+00
   1.8992328e+00
   1.6374869e-01
  -2.7388110e+00
  -3.9878784e+00
  -2.0197512e+00
   7.8132361e-01
   2.0296487e+00
   2.0074361e+00
   1.5970752e+00
   1.1672160e+00
   7.9574149e-01
   4.8873106e-01
   2.4304305e-01
   5.1578184e-02
  -9.3658911e-02
  -2.0044889e-01
  -2.7607380e-01
  -3.2724427e-01
  -3.6009916e-01
  -3.7992026e-01
  -3.9065633e-01
  -3.9540011e-01
  -3.9646030e-01
  -3.9536155e-01
  -3.9298391e-01
  -3.8995008e-01
  -3.8650066e-01
  -3.8281714e-01
  -3.7903898e-01
  -3.7526364e-01
  -3.7154655e-01
  -3.6790115e-01
  -3.6429884e-01
  -3.6069973e-01
  -3.5713340e-01
  -3.5360220e-01
  -3.5010593e-01
  -3.4664433e-01
  -3.4321716e-01
  -3.3982411e-01
  -3.3646488e-01
  -3.3313913e-01
  -3.2984648e-01
  -3.2658657e-01
  -3.2335907e-01
  -3.2016369e-01
  -3.1700010e-01
  -3.1386800e-01
  -3.1076706e-01
  -3.0769698e-01
  -3.0465745e-01
  -3.0164817e-01
  -2.9866882e-01
  -2.9571911e-01
  -2.9279874e-01
  -2.8989894e-01
  -2.8700559e-01
  -2.8414279e-01
  -2.8132704e-01
  -2.7856399e-01
  -2.7584842e-01
  -2.7316425e-01
  -2.7048453e-01
  -2.6777146e-01
  -2.6497638e-01
  -2.6203975e-01
  -2.5866355e-01
  -2.5468029e-01
  -2.4991241e-01
  -2.4354249e-01
  -2.3411071e-01
  -2.1951488e-01
  -1.9701043e-01
  -1.6339407e-01
  -1.1366665e-01
  -4.0118492e-02
   6.5998587e-02
   2.1441487e-01
   4.1584273e-01
   6.8197665e-01
   1.0189266e+00
   1.4369731e+00
   1.8953367e+00
   2.1405266e+00
   1.4705235e+00
  -8.7394612e-01
  -3.4927274e+00
  -3.3081204e+00
  -5.5194771e-01
   1.7720698e+00
   2.4620507e+00
   2.2483090e+00
   1.8112599e+00
   1.3878511e+00
   1.0242393e+00
   7.2243937e-01
   4.7845587e-01
   2.8605429e-01
   1.3789824e-01
   2.6897224e-02
  -5.3820089e-02
  -1.1049205e-01
  -1.4866006e-01
  -1.7316853e-01
  -1.8814768e-01
  -1.9667059e-01
  -2.0088519e-01
  -2.0242722e-01
  -2.0243609e-01
  -2.0155628e-01
  -2.0018116e-01
  -1.9854136e-01
  -1.9673346e-01
  -1.9483560e-01
  -1.9290746e-01
  -1.9099026e-01
  -1.8910678e-01
  -1.8726133e-01
  -1.8543979e-01
  -1.8361974e-01
  -1.8181501e-01
  -1.8002812e-01
  -1.7825893e-01
  -1.7650730e-01
  -1.7477309e-01
  -1.7305614e-01
  -1.7135628e-01
  -1.6967336e-01
  -1.6800719e-01
  -1.6635760e-01
  -1.6472442e-01
  -1.6310746e-01
  -1.6150660e-01
  -1.5992167e-01
  -1.5835252e-01
  -1.5679899e-01
  -1.5526094e-01
  -1.5373819e-01
  -1.5223060e-01
  -1.5073800e-01
  -1.4926023e-01
  -1.4779712e-01
  -1.4634843e-01
  -1.4485888e-01
  -1.4333944e-01
  -1.4185561e-01
  -1.4044477e-01
  -1.3911623e-01
  -1.3785123e-01
  -1.3660290e-01
  -1.3529629e-01
  -1.3382840e-01
  -1.3206810e-01
  -1.2985619e-01
  -1.2693035e-01
  -1.2269749e-01
  -1.1642538e-01
  -1.0674385e-01
  -9.1595155e-02
  -6.8233927e-02
  -3.3021550e-02
   1.8791806e-02
   9.3302975e-02
   1.9829999e-01
   3.4326350e-01
   5.3691710e-01
   7.7446597e-01
   1.1119736e+00
   1.5520780e+00
   2.0135322e+00
   2.3312035e+00
   2.0846563e+00
   3.7053692e-01
  -2.5304422e+00
  -3.9301149e+00
  -2.1259549e+00
   7.9861794e-01
   2.5465924e+00
   2.9076264e+00
   2.6155762e+00
   2.1735335e+00
   1.7460749e+00
   1.3679860e+00
   1.0483524e+00
   7.8260795e-01
   5.6586014e-01
   3.9229936e-01
   2.5617518e-01
   1.5184826e-01
   7.3810285e-02
   1.7016638e-02
  -2.3114902e-02
  -5.0583364e-02
  -6.8747682e-02
  -8.0326693e-02
  -8.7399138e-02
  -9.1422517e-02
  -9.3494849e-02
  -9.4298556e-02
  -9.4318364e-02
  -9.3908657e-02
  -9.3293473e-02
  -9.2566508e-02
  -9.1752164e-02
  -9.0908624e-02
  -9.0048399e-02
  -8.9181191e-02
  -8.8314640e-02
  -8.7454319e-02
  -8.6603740e-02
  -8.5764350e-02
  -8.4935532e-02
  -8.4114606e-02
  -8.3299804e-02
  -8.2493072e-02
  -8.1694360e-02
  -8.0903589e-02
  -8.0120683e-02
  -7.9345565e-02
  -7.8578160e-02
  -7.7818392e-02
  -7.7066184e-02
  -7.6321462e-02
  -7.5584152e-02
  -7.4854178e-02
  -7.4131467e-02
  -7.3415873e-02
  -7.2707330e-02
  -7.2005843e-02
  -7.1311394e-02
  -7.0623944e-02
  -6.9943431e-02
  -6.9269770e-02
  -6.8602854e-02
  -6.7942554e-02
  -6.7288718e-02
  -6.6641172e-02
  -6.5999719e-02
  -6.5364140e-02
  -6.4721711e-02
  -6.4077143e-02
  -6.3447083e-02
  -6.2831298e-02
  -6.2212661e-02
  -6.1557152e-02
  -6.0813854e-02
  -5.9914957e-02
  -5.8760359e-02
  -5.7133415e-02
  -5.4815816e-02
  -5.1327486e-02
  -4.5879022e-02
  -3.7371698e-02
  -2.4337318e-02
  -4.7200312e-03
   2.4016885e-02
   6.5357768e-02
   1.2378331e-01
   2.0477054e-01
   3.1440797e-01
   4.6099287e-01
   6.5493592e-01
   9.0450783e-01
   1.2156784e+00
   1.5888492e+00
   2.0131960e+00
   2.4627609e+00
   2.6787173e+00
   2.1220325e+00
   1.0016242e-01
  -2.8356666e+00
  -4.3110337e+00
  -2.8503932e+00
   9.0189195e-02
   2.3771183e+00
   3.2274668e+00
   3.1581269e+00
   2.7592725e+00
   2.3076678e+00
   1.8904628e+00
   1.5228016e+00
   1.2074105e+00
   9.4227140e-01
   7.2250662e-01
   5.4319169e-01
   3.9924049e-01
   2.8579548e-01
   1.9823275e-01
   1.3216207e-01
   8.3426821e-02
   4.8184781e-02
   2.3352268e-02
   6.3813284e-03
  -4.8720646e-03
  -1.2146380e-02
  -1.6774526e-02
  -1.9683851e-02
  -2.1399199e-02
  -2.2340031e-02
  -2.2811351e-02
  -2.2967727e-02
  -2.2933279e-02
  -2.2801674e-02
  -2.2636129e-02
  -2.2469410e-02
  -2.2303834e-02
  -2.2117656e-02
  -2.1924546e-02
  -2.1731234e-02
  -2.1538332e-02
  -2.1346358e-02
  -2.1155736e-02
  -2.0966795e-02
  -2.0779767e-02
  -2.0594790e-02
  -2.0411908e-02
  -2.0231068e-02
  -2.0052123e-02
  -1.9874832e-02
  -1.9699174e-02
  -1.9525263e-02
  -1.9353082e-02
  -1.9182615e-02
  -1.9013844e-02
  -1.8846753e-02
  -1.8681324e-02
  -1.8517542e-02
  -1.8355389e-02
  -1.8194850e-02
  -1.8035908e-02
  -1.7878548e-02
  -1.7722753e-02
  -1.7568507e-02
  -1.7415627e-02
  -1.7261347e-02
  -1.7106939e-02
  -1.6954708e-02
  -1.6806163e-02
  -1.6662014e-02
  -1.6522176e-02
  -1.6385766e-02
  -1.6251106e-02
  -1.6115718e-02
  -1.5976331e-02
  -1.5828874e-02
  -1.5668481e-02
  -1.5489117e-02
  -1.5245263e-02
  -1.4938591e-02
  -1.4551483e-02
  -1.3988183e-02
  -1.3074798e-02
  -1.1559300e-02
  -9.1115218e-03
  -5.2432458e-03
   7.5706587e-04
   9.8521781e-03
   2.3463834e-02
   4.3476242e-02
   7.2239232e-02
   1.1273569e-01
   1.6856162e-01
   2.4417949e-01
   3.4504097e-01
   4.7758699e-01
   6.4725698e-01
   8.5849462e-01
   1.1326241e+00
   1.4767185e+00
   1.8795871e+00
   2.3117757e+00
   2.7250108e+00
   2.9304271e+00
   2.4173711e+00
   5.8557467e-01
  -2.2790588e+00
  -4.4661474e+00
  -4.0307297e+00
  -1.3828201e+00
   1.3706546e+00
   2.8540770e+00
   3.1479729e+00
   2.8686600e+00
   2.4314889e+00
   1.9921935e+00
   1.5908682e+00
   1.2434949e+00
   9.4693298e-01
   6.9702085e-01
   4.8977362e-01
   3.2056557e-01
   1.8478147e-01
   7.7816622e-02
  -4.7550008e-03
  -6.7041391e-02
  -1.1291419e-01
  -1.4578719e-01
  -1.6861462e-01
  -1.8389109e-01
  -1.9365167e-01
  -1.9947487e-01
  -2.0259361e-01
  -2.0383338e-01
  -2.0380126e-01
  -2.0297156e-01
  -2.0168585e-01
  -2.0015290e-01
  -1.9845060e-01
  -1.9664744e-01
  -1.9480090e-01
  -1.9292960e-01
  -1.9104907e-01
  -1.8917176e-01
  -1.8730707e-01
  -1.8546127e-01
  -1.8363759e-01
  -1.8183615e-01
  -1.8005400e-01
  -1.7828597e-01
  -1.7653418e-01
  -1.7479978e-01
  -1.7308262e-01
  -1.7138252e-01
  -1.6969933e-01
  -1.6803288e-01
  -1.6638302e-01
  -1.6474957e-01
  -1.6313238e-01
  -1.6153128e-01
  -1.5994612e-01
  -1.5837673e-01
  -1.5682296e-01
  -1.5528465e-01
  -1.5376161e-01
  -1.5225369e-01
  -1.5076078e-01
  -1.4928274e-01
  -1.4781944e-01
  -1.4637073e-01
  -1.4493646e-01
  -1.4351650e-01
  -1.4211069e-01
  -1.4071886e-01
  -1.3934085e-01
  -1.3797650e-01
  -1.3662563e-01
  -1.3528807e-01
  -1.3396357e-01
  -1.3264148e-01
  -1.3132611e-01
  -1.3002913e-01
  -1.2875441e-01
  -1.2749805e-01
  -1.2624841e-01
  -1.2498606e-01
  -1.2368381e-01
  -1.2230671e-01
  -1.2081202e-01
  -1.1909858e-01
  -1.1704880e-01
  -1.1450323e-01
  -1.1112478e-01
  -1.0639780e-01
  -9.9628080e-02
  -8.9915521e-02
  -7.5963299e-02
  -5.6247347e-02
  -2.8679523e-02
   9.4598122e-03
   6.1521795e-02
   1.3148906e-01
   2.2389138e-01
   3.4475536e-01
   5.0094623e-01
   6.9933937e-01
   9.4681834e-01
   1.2497361e+00
   1.6115217e+00
   2.0271292e+00
   2.4695698e+00
   2.8458300e+00
   2.8725297e+00
   2.0077256e+00
  -2.1190855e-01
  -3.1333758e+00
  -4.8483906e+00
  -3.8917582e+00
  -1.0677577e+00
   1.5985784e+00
   2.9949029e+00
   3.2487893e+00
   2.9631422e+00
   2.5242345e+00
   2.0834518e+00
   1.6795470e+00
   1.3247355e+00
   1.0205698e+00
   7.6238419e-01
   5.4656330e-01
   3.6864914e-01
   2.2426778e-01
   1.0912937e-01
   1.9028186e-02
  -5.0095143e-02
  -1.0189831e-01
  -1.3976462e-01
  -1.6667235e-01
  -1.8518055e-01
  -1.9742903e-01
  -2.0513838e-01
  -2.0960997e-01
  -2.1180255e-01
  -2.1247534e-01
  -2.1208824e-01
  -2.1100745e-01
  -2.0951489e-01
  -2.0780816e-01
  -2.0600059e-01
  -2.0412122e-01
  -2.0218630e-01
  -2.0024186e-01
  -1.9829583e-01
  -1.9635496e-01
  -1.9442478e-01
  -1.9250964e-01
  -1.9061268e-01
  -1.8873586e-01
  -1.8687994e-01
  -1.8504448e-01
  -1.8322785e-01
  -1.8142754e-01
  -1.7964442e-01
  -1.7787904e-01
  -1.7613122e-01
  -1.7440078e-01
  -1.7268756e-01
  -1.7099139e-01
  -1.6931209e-01
  -1.6764951e-01
  -1.6600347e-01
  -1.6437380e-01
  -1.6276036e-01
  -1.6116297e-01
  -1.5958147e-01
  -1.5801571e-01
  -1.5646552e-01
  -1.5493064e-01
  -1.5341096e-01
  -1.5190641e-01
  -1.5041689e-01
  -1.4894229e-01
  -1.4748246e-01
  -1.4603727e-01
  -1.4460654e-01
  -1.4319008e-01
  -1.4178769e-01
  -1.4039914e-01
  -1.3902419e-01
  -1.3766257e-01
  -1.3631401e-01
  -1.3497701e-01
  -1.3364051e-01
  -1.3231465e-01
  -1.3100686e-01
  -1.2971408e-01
  -1.2842274e-01
  -1.2710876e-01
  -1.2573754e-01
  -1.2426401e-01
  -1.2263175e-01
  -1.2069957e-01
  -1.1835025e-01
  -1.1537448e-01
  -1.1137918e-01
  -1.0578751e-01
  -9.7838858e-02
  -8.6566267e-02
  -7.0595439e-02
  -4.8346856e-02
  -1.7708967e-02
   2.4043819e-02
   8.0251135e-02
   1.5486666e-01
   2.5230047e-01
   3.7811773e-01
   5.3945008e-01
   7.4291862e-01
   9.9451934e-01
   1.2996231e+00
   1.6549114e+00
   2.0708436e+00
   2.5276042e+00
   2.9128647e+00
   3.0159789e+00
   2.2900275e+00
   2.8622563e-01
  -2.6765527e+00
  -4.8143733e+00
  -4.5496404e+00
  -2.0277780e+00
   8.2262164e-01
   2.4970347e+00
   2.8714378e+00
   2.6073166e+00
   2.1720711e+00
   1.7340623e+00
   1.3438024e+00
   1.0064976e+00
   7.2111642e-01
   4.8390358e-01
   2.9022310e-01
   1.3474524e-01
   1.2354699e-02
  -8.1976692e-02
  -1.5295835e-01
  -2.0488208e-01
  -2.4162210e-01
  -2.6663500e-01
  -2.8295807e-01
  -2.9302654e-01
  -2.9857417e-01
  -3.0099140e-01
  -3.0136346e-01
  -3.0047035e-01
  -2.9878688e-01
  -2.9659137e-01
  -2.9413236e-01
  -2.9149176e-01
  -2.8873615e-01
  -2.8592055e-01
  -2.8308851e-01
  -2.8027201e-01
  -2.7749152e-01
  -2.7475599e-01
  -2.7206285e-01
  -2.6939799e-01
  -2.6674296e-01
  -2.6411118e-01
  -2.6150548e-01
  -2.5892561e-01
  -2.5637137e-01
  -2.5384250e-01
  -2.5133879e-01
  -2.4885999e-01
  -2.4640587e-01
  -2.4397618e-01
  -2.4157068e-01
  -2.3918912e-01
  -2.3683127e-01
  -2.3449686e-01
  -2.3218566e-01
  -2.2989745e-01
  -2.2763201e-01
  -2.2538912e-01
  -2.2316856e-01
  -2.2097010e-01
  -2.1879353e-01
  -2.1663863e-01
  -2.1450517e-01
  -2.1239294e-01
  -2.1030172e-01
  -2.0823128e-01
  -2.0618141e-01
  -2.0415189e-01
  -2.0213093e-01
  -2.0005665e-01
  -1.9797365e-01
  -1.9593105e-01
  -1.9395977e-01
  -1.9207253e-01
  -1.9026388e-01
  -1.8851015e-01
  -1.8676948e-01
  -1.8498182e-01
  -1.8306892e-01
  -1.8093434e-01
  -1.7846344e-01
  -1.7552338e-01
  -1.7185645e-01
  -1.6698245e-01
  -1.6037513e-01
  -1.5110164e-01
  -1.3780730e-01
  -1.1871554e-01
  -9.1626263e-02
  -5.3692285e-02
  -1.4343116e-03
   6.9460280e-02
   1.6430976e-01
   2.8943807e-01
   4.5217477e-01
   6.5577179e-01
   8.9800516e-01
   1.2232949e+00
   1.6388296e+00
   2.1027952e+00
   2.5243748e+00
   2.7619467e+00
   2.3802603e+00
   7.1603154e-01
  -2.1509659e+00
  -4.4260094e+00
  -4.1868209e+00
  -1.6179058e+00
   1.0974422e+00
   2.3962177e+00
   2.4993813e+00
   2.1367585e+00
   1.6939963e+00
   1.2814979e+00
   9.2175559e-01
   6.1883031e-01
   3.6837132e-01
   1.6519496e-01
   3.5590968e-03
  -1.2216396e-01
  -2.1748751e-01
  -2.8777067e-01
  -3.3787609e-01
  -3.7222560e-01
  -3.9464515e-01
  -4.0832854e-01
  -4.1583742e-01
  -4.1910158e-01
  -4.1959174e-01
  -4.1825448e-01
  -4.1570482e-01
  -4.1242952e-01
  -4.0878717e-01
  -4.0500811e-01
  -4.0119450e-01
  -3.9732685e-01
  -3.9343917e-01
  -3.8957002e-01
  -3.8572578e-01
  -3.8191162e-01
  -3.7813151e-01
  -3.7438824e-01
  -3.7068337e-01
  -3.6701728e-01
  -3.6338915e-01
  -3.5979694e-01
  -3.5623905e-01
  -3.5271652e-01
  -3.4922903e-01
  -3.4577624e-01
  -3.4235781e-01
  -3.3897339e-01
  -3.3562265e-01
  -3.3230525e-01
  -3.2902086e-01
  -3.2576914e-01
  -3.2254979e-01
  -3.1936247e-01
  -3.1620686e-01
  -3.1308258e-01
  -3.0998921e-01
  -3.0692660e-01
  -3.0389454e-01
  -3.0089281e-01
  -2.9792113e-01
  -2.9497919e-01
  -2.9206661e-01
  -2.8918299e-01
  -2.8632789e-01
  -2.8350080e-01
  -2.8070119e-01
  -2.7792847e-01
  -2.7515919e-01
  -2.7238974e-01
  -2.6966062e-01
  -2.6698183e-01
  -2.6433203e-01
  -2.6165846e-01
  -2.5887696e-01
  -2.5587201e-01
  -2.5249666e-01
  -2.4852002e-01
  -2.4351654e-01
  -2.3699334e-01
  -2.2803385e-01
  -2.1526740e-01
  -1.9686914e-01
  -1.7051072e-01
  -1.3308876e-01
  -8.0881260e-02
  -9.0443092e-03
   8.8463381e-02
   2.1888049e-01
   3.8992186e-01
   6.0817874e-01
   8.9114756e-01
   1.2438141e+00
   1.6540537e+00
   2.0926318e+00
   2.4699858e+00
   2.4214893e+00
   1.2583580e+00
  -1.3344828e+00
  -3.9802997e+00
  -4.2383653e+00
  -1.8235061e+00
   9.7564281e-01
   2.4231384e+00
   2.6169700e+00
   2.2783230e+00
   1.8379077e+00
   1.4187121e+00
   1.0503101e+00
   7.3814515e-01
   4.7922598e-01
   2.6809006e-01
   9.9152311e-02
  -3.3210198e-02
  -1.3442686e-01
  -2.0973353e-01
  -2.6413739e-01
  -3.0206163e-01
  -3.2736521e-01
  -3.4332831e-01
  -3.5263296e-01
  -3.5736305e-01
  -3.5900433e-01
  -3.5865210e-01
  -3.5702750e-01
  -3.5455913e-01
  -3.5158888e-01
  -3.4837188e-01
  -3.4507658e-01
  -3.4178468e-01
  -3.3849117e-01
  -3.3517119e-01
  -3.3187279e-01
  -3.2859969e-01
  -3.2535426e-01
  -3.2213842e-01
  -3.1895352e-01
  -3.1580045e-01
  -3.1267956e-01
  -3.0959070e-01
  -3.0653320e-01
  -3.0350591e-01
  -3.0050808e-01
  -2.9754007e-01
  -2.9460160e-01
  -2.9169236e-01
  -2.8881207e-01
  -2.8596044e-01
  -2.8313719e-01
  -2.8034202e-01
  -2.7757468e-01
  -2.7483486e-01
  -2.7212231e-01
  -2.6943675e-01
  -2.6677791e-01
  -2.6414546e-01
  -2.6153876e-01
  -2.5895787e-01
  -2.5640283e-01
  -2.5387358e-01
  -2.5136994e-01
  -2.4889159e-01
  -2.4643811e-01
  -2.4400893e-01
  -2.4160337e-01
  -2.3922065e-01
  -2.3685983e-01
  -2.3451967e-01
  -2.3216898e-01
  -2.2982489e-01
  -2.2751253e-01
  -2.2521681e-01
  -2.2288237e-01
  -2.2041361e-01
  -2.1767466e-01
  -2.1448940e-01
  -2.1057173e-01
  -2.0546063e-01
  -1.9856154e-01
  -1.8883458e-01
  -1.7478155e-01
  -1.5444586e-01
  -1.2530471e-01
  -8.4106629e-02
  -2.6880349e-02
   5.1499850e-02
   1.5733173e-01
   2.9808508e-01
   4.8011526e-01
   7.1440232e-01
   1.0154755e+00
   1.3832619e+00
   1.8025148e+00
   2.2418021e+00
   2.5656853e+00
   2.3390078e+00
   8.5155332e-01
  -1.9309039e+00
  -4.2744280e+00
  -3.9401065e+00
  -1.2489335e+00
   1.3905602e+00
   2.6150008e+00
   2.7078548e+00
   2.3478677e+00
   1.9047690e+00
   1.4836408e+00
   1.1172241e+00
   8.0527659e-01
   5.4486604e-01
   3.3134376e-01
   1.5954564e-01
   2.4008310e-02
  -8.0592734e-02
  -1.5934492e-01
  -2.1704797e-01
  -2.5798019e-01
  -2.8589845e-01
  -3.0403816e-01
  -3.1511361e-01
  -3.2128988e-01
  -3.2403015e-01
  -3.2444002e-01
  -3.2338180e-01
  -3.2147450e-01
  -3.1909381e-01
  -3.1638977e-01
  -3.1352317e-01
  -3.1057209e-01
  -3.0757282e-01
  -3.0455531e-01
  -3.0154319e-01
  -2.9855373e-01
  -2.9559788e-01
  -2.9268024e-01
  -2.8979906e-01
  -2.8694628e-01
  -2.8411394e-01
  -2.8130916e-01
  -2.7853223e-01
  -2.7578291e-01
  -2.7306092e-01
  -2.7036601e-01
  -2.6769790e-01
  -2.6505635e-01
  -2.6244109e-01
  -2.5985185e-01
  -2.5728839e-01
  -2.5475043e-01
  -2.5223773e-01
  -2.4975001e-01
  -2.4728702e-01
  -2.4484853e-01
  -2.4243431e-01
  -2.4004413e-01
  -2.3767776e-01
  -2.3533496e-01
  -2.3301549e-01
  -2.3071912e-01
  -2.2844559e-01
  -2.2619466e-01
  -2.2396609e-01
  -2.2175961e-01
  -2.1957498e-01
  -2.1739022e-01
  -2.1511290e-01
  -2.1281960e-01
  -2.1058642e-01
  -2.0845891e-01
  -2.0645207e-01
  -2.0455035e-01
  -2.0270767e-01
  -2.0084738e-01
  -1.9886232e-01
  -1.9661474e-01
  -1.9393638e-01
  -1.9062842e-01
  -1.8645956e-01
  -1.8086495e-01
  -1.7311624e-01
  -1.6218242e-01
  -1.4648675e-01
  -1.2390678e-01
  -9.1774291e-02
  -4.6853054e-02
   1.5033035e-02
   9.9151094e-02
   2.1170820e-01
   3.5984734e-01
   5.5164739e-01
   7.9578196e-01
   1.0992325e+00
   1.4687114e+00
   1.8923034e+00
   2.3330022e+00
   2.6494615e+00
   2.4185895e+00
   9.6008615e-01
  -1.8149233e+00
  -4.2669091e+00
  -4.1822043e+00
  -1.6292970e+00
   1.1343888e+00
   2.5589518e+00
   2.7652514e+00
   2.4377203e+00
   1.9974542e+00
   1.5721670e+00
   1.1947755e+00
   8.7153233e-01
   6.0104210e-01
   3.7801828e-01
   1.9736380e-01
   5.3733211e-02
  -5.8027781e-02
  -1.4288226e-01
  -2.0560213e-01
  -2.5064527e-01
  -2.8182845e-01
  -3.0247504e-01
  -3.1537810e-01
  -3.2279886e-01
  -3.2646672e-01
  -3.2758079e-01
  -3.2704835e-01
  -3.2545349e-01
  -3.2314978e-01
  -3.2042077e-01
  -3.1747998e-01
  -3.1447091e-01
  -3.1146704e-01
  -3.0847182e-01
  -3.0545177e-01
  -3.0244835e-01
  -2.9946822e-01
  -2.9651327e-01
  -2.9358504e-01
  -2.9068468e-01
  -2.8781295e-01
  -2.8497026e-01
  -2.8215664e-01
  -2.7937173e-01
  -2.7661482e-01
  -2.7388485e-01
  -2.7118175e-01
  -2.6850554e-01
  -2.6585596e-01
  -2.6323275e-01
  -2.6063564e-01
  -2.5806437e-01
  -2.5551869e-01
  -2.5299833e-01
  -2.5050306e-01
  -2.4803261e-01
  -2.4558675e-01
  -2.4316522e-01
  -2.4076779e-01
  -2.3839418e-01
  -2.3604370e-01
  -2.3371633e-01
  -2.3141224e-01
  -2.2913148e-01
  -2.2687395e-01
  -2.2463937e-01
  -2.2242736e-01
  -2.2023738e-01
  -2.1806873e-01
  -2.1592058e-01
  -2.1379195e-01
  -2.1168171e-01
  -2.0957865e-01
  -2.0746409e-01
  -2.0536787e-01
  -2.0328918e-01
  -2.0118968e-01
  -1.9899355e-01
  -1.9658748e-01
  -1.9382063e-01
  -1.9048697e-01
  -1.8618992e-01
  -1.8048742e-01
  -1.7259912e-01
  -1.6134263e-01
  -1.4513346e-01
  -1.2196800e-01
  -8.9173971e-02
  -4.3579676e-02
   1.8901784e-02
   1.0339994e-01
   2.1608699e-01
   3.6400639e-01
   5.5309983e-01
   7.9675553e-01
   1.1031403e+00
   1.4708920e+00
   1.8891200e+00
   2.3301766e+00
   2.6642495e+00
   2.4984620e+00
   1.1675961e+00
  -1.5175806e+00
  -4.1244567e+00
  -4.3931470e+00
  -2.0421736e+00
   8.1584732e-01
   2.3756463e+00
   2.6473128e+00
   2.3369190e+00
   1.8960874e+00
   1.4687672e+00
   1.0958739e+00
   7.7748800e-01
   5.1192664e-01
   2.9476297e-01
   1.2047570e-01
  -1.6660126e-02
  -1.2216415e-01
  -2.0129686e-01
  -2.5887980e-01
  -2.9929559e-01
  -3.2648795e-01
  -3.4394782e-01
  -3.5439930e-01
  -3.5983889e-01
  -3.6187311e-01
  -3.6173189e-01
  -3.6026861e-01
  -3.5796302e-01
  -3.5517025e-01
  -3.5210402e-01
  -3.4885434e-01
  -3.4549682e-01
  -3.4209267e-01
  -3.3868866e-01
  -3.3531719e-01
  -3.3199623e-01
  -3.2872934e-01
  -3.2550570e-01
  -3.2230074e-01
  -3.1911622e-01
  -3.1596325e-01
  -3.1284155e-01
  -3.0975084e-01
  -3.0669085e-01
  -3.0366128e-01
  -3.0066186e-01
  -2.9769230e-01
  -2.9475230e-01
  -2.9184157e-01
  -2.8895981e-01
  -2.8610673e-01
  -2.8328202e-01
  -2.8048540e-01
  -2.7771660e-01
  -2.7497535e-01
  -2.7226139e-01
  -2.6957445e-01
  -2.6691425e-01
  -2.6428053e-01
  -2.6167303e-01
  -2.5909147e-01
  -2.5653559e-01
  -2.5400513e-01
  -2.5149982e-01
  -2.4901938e-01
  -2.4656077e-01
  -2.4406097e-01
  -2.4154633e-01
  -2.3907110e-01
  -2.3666961e-01
  -2.3435621e-01
  -2.3212531e-01
  -2.2995137e-01
  -2.2778889e-01
  -2.2557244e-01
  -2.2321660e-01
  -2.2061602e-01
  -2.1764542e-01
  -2.1415674e-01
  -2.0971962e-01
  -2.0388155e-01
  -1.9593460e-01
  -1.8467420e-01
  -1.6839917e-01
  -1.4491173e-01
  -1.1150818e-01
  -6.4712864e-02
  -4.6457051e-05
   8.7985524e-02
   2.0590873e-01
   3.6127998e-01
   5.6268727e-01
   8.1876706e-01
   1.1374776e+00
   1.5221427e+00
   1.9553246e+00
   2.3852272e+00
   2.6032109e+00
   2.0705650e+00
   1.2119769e-01
  -2.8068670e+00
  -4.5413518e+00
  -3.3659495e+00
  -4.4726535e-01
   1.8267928e+00
   2.6081389e+00
   2.4809283e+00
   2.0658286e+00
   1.6298455e+00
   1.2319527e+00
   8.8959101e-01
   6.0498944e-01
   3.7031268e-01
   1.8092567e-01
   3.1082318e-02
  -8.4801097e-02
  -1.7211917e-01
  -2.3606769e-01
  -2.8137901e-01
  -3.1223730e-01
  -3.3224931e-01
  -3.4440406e-01
  -3.5107279e-01
  -3.5400901e-01
  -3.5448757e-01
  -3.5340148e-01
  -3.5127028e-01
  -3.4850650e-01
  -3.4541840e-01
  -3.4221001e-01
  -3.3898110e-01
  -3.3572722e-01
  -3.3244328e-01
  -3.2917691e-01
  -3.2593257e-01
  -3.2271390e-01
  -3.1952378e-01
  -3.1636429e-01
  -3.1323670e-01
  -3.1014152e-01
  -3.0707844e-01
  -3.0404638e-01
  -3.0104360e-01
  -2.9807027e-01
  -2.9512652e-01
  -2.9221206e-01
  -2.8932660e-01
  -2.8646985e-01
  -2.8364153e-01
  -2.8084135e-01
  -2.7806903e-01
  -2.7532430e-01
  -2.7260688e-01
  -2.6991650e-01
  -2.6725288e-01
  -2.6461577e-01
  -2.6200469e-01
  -2.5941938e-01
  -2.5685983e-01
  -2.5432594e-01
  -2.5181754e-01
  -2.4933437e-01
  -2.4687612e-01
  -2.4444240e-01
  -2.4203273e-01
  -2.3964656e-01
  -2.3728328e-01
  -2.3494218e-01
  -2.3261648e-01
  -2.3027991e-01
  -2.2796582e-01
  -2.2568840e-01
  -2.2342822e-01
  -2.2113219e-01
  -2.1871356e-01
  -2.1605196e-01
  -2.1299336e-01
  -2.0926213e-01
  -2.0444994e-01
  -1.9799564e-01
  -1.8890660e-01
  -1.7575376e-01
  -1.5667166e-01
  -1.2921492e-01
  -9.0255626e-02
  -3.5931176e-02
   3.8780819e-02
   1.4007082e-01
   2.7529737e-01
   4.5115912e-01
   6.7898993e-01
   9.7101770e-01
   1.3283475e+00
   1.7407605e+00
   2.1831409e+00
   2.5350936e+00
   2.4007810e+00
   1.0723307e+00
  -1.6389294e+00
  -4.1338006e+00
  -4.0683851e+00
  -1.4852475e+00
   1.1801864e+00
   2.3338147e+00
   2.3360963e+00
   1.9413078e+00
   1.5018020e+00
   1.1055081e+00
   7.6685468e-01
   4.8636416e-01
   2.5880766e-01
   7.8012576e-02
  -6.2426831e-02
  -1.6866159e-01
  -2.4658294e-01
  -3.0182109e-01
  -3.3948041e-01
  -3.6385992e-01
  -3.7859496e-01
  -3.8662085e-01
  -3.9017280e-01
  -3.9079258e-01
  -3.8961599e-01
  -3.8729941e-01
  -3.8425685e-01
  -3.8081257e-01
  -3.7720113e-01
  -3.7356738e-01
  -3.6996645e-01
  -3.6636454e-01
  -3.6275576e-01
  -3.5917614e-01
  -3.5562757e-01
  -3.5211152e-01
  -3.4862912e-01
  -3.4518108e-01
  -3.4176774e-01
  -3.3838905e-01
  -3.3504459e-01
  -3.3173353e-01
  -3.2845492e-01
  -3.2520884e-01
  -3.2199505e-01
  -3.1881325e-01
  -3.1566310e-01
  -3.1254430e-01
  -3.0945653e-01
  -3.0639949e-01
  -3.0337286e-01
  -3.0037635e-01
  -2.9740966e-01
  -2.9447249e-01
  -2.9156454e-01
  -2.8868519e-01
  -2.8583397e-01
  -2.8301119e-01
  -2.8021698e-01
  -2.7745122e-01
  -2.7471357e-01
  -2.7200348e-01
  -2.6932013e-01
  -2.6666250e-01
  -2.6402935e-01
  -2.6141918e-01
  -2.5881934e-01
  -2.5619327e-01
  -2.5359125e-01
  -2.5101922e-01
  -2.4841954e-01
  -2.4567099e-01
  -2.4258880e-01
  -2.3892464e-01
  -2.3432392e-01
  -2.2813754e-01
  -2.1954648e-01
  -2.0715343e-01
  -1.8892942e-01
  -1.6221392e-01
  -1.2359864e-01
  -6.8678587e-02
   8.0652580e-03
   1.1355257e-01
   2.5611016e-01
   4.4518810e-01
   6.7830936e-01
   9.9050899e-01
   1.3941110e+00
   1.8468103e+00
   2.2516725e+00
   2.4003428e+00
   1.5801304e+00
  -7.8089718e-01
  -3.5272507e+00
  -4.0912267e+00
  -1.7894239e+00
   9.2558996e-01
   2.0628485e+00
   2.0090876e+00
   1.5983286e+00
   1.1694004e+00
   7.9106062e-01
   4.7747268e-01
   2.2340676e-01
   2.2691822e-02
  -1.3184814e-01
  -2.4734914e-01
  -3.3083394e-01
  -3.8879029e-01
  -4.2716918e-01
  -4.5106188e-01
  -4.6466313e-01
  -4.7127179e-01
  -4.7340642e-01
  -4.7264394e-01
  -4.7005941e-01
  -4.6646580e-01
  -4.6241397e-01
  -4.5819273e-01
  -4.5384030e-01
  -4.4942703e-01
  -4.4501589e-01
  -4.4062288e-01
  -4.3626041e-01
  -4.3193731e-01
  -4.2765883e-01
  -4.2342668e-01
  -4.1923895e-01
  -4.1509074e-01
  -4.1098264e-01
  -4.0691541e-01
  -4.0288863e-01
  -3.9890192e-01
  -3.9495488e-01
  -3.9104711e-01
  -3.8717822e-01
  -3.8334783e-01
  -3.7955556e-01
  -3.7580102e-01
  -3.7208384e-01
  -3.6840359e-01
  -3.6475990e-01
  -3.6115248e-01
  -3.5758101e-01
  -3.5404517e-01
  -3.5054458e-01
  -3.4707887e-01
  -3.4364765e-01
  -3.4025049e-01
  -3.3688695e-01
  -3.3355658e-01
  -3.3024874e-01
