  -6.8643091e-01
  -6.8332800e-01
  -6.8012711e-01
  -6.7674677e-01
  -6.7306867e-01
  -6.6893769e-01
  -6.6416186e-01
  -6.5851239e-01
  -6.5172366e-01
  -6.4349320e-01
  -6.3348173e-01
  -6.2131314e-01
  -6.0659211e-01
  -5.8910193e-01
  -5.6818755e-01
  -5.4321294e-01
  -5.1375160e-01
  -4.7958655e-01
  -4.4071034e-01
  -3.9732504e-01
  -3.4984224e-01
  -2.9888307e-01
  -2.4527817e-01
  -1.9006770e-01
  -1.3446878e-01
  -7.9560665e-02
  -2.7439446e-02
   1.9773898e-02
   6.0302065e-02
   9.2711425e-02
   1.1591202e-01
   1.2915757e-01
   1.3204547e-01
   1.2451677e-01
   1.0685622e-01
   7.9692231e-02
   4.3975739e-02
   8.0967041e-04
  -4.7849190e-02
  -1.0000085e-01
  -1.5385813e-01
  -2.0784667e-01
  -2.6060491e-01
  -3.1098412e-01
  -3.5804837e-01
  -4.0107456e-01
  -4.3955239e-01
  -4.7318438e-01
  -5.0215553e-01
  -5.2748218e-01
  -5.4881973e-01
  -5.6588635e-01
  -5.7864925e-01
  -5.8732473e-01
  -5.9237813e-01
  -5.9452389e-01
  -5.9472550e-01
  -5.9419553e-01
  -5.9439560e-01
  -5.9703643e-01
  -6.0407778e-01
  -6.1772849e-01
  -6.4044646e-01
  -6.7494040e-01
  -7.2572854e-01
  -7.9878636e-01
  -8.9540894e-01
  -1.0114621e+00
  -1.1373824e+00
  -1.2581772e+00
  -1.3543703e+00
  -1.3985244e+00
  -1.3617394e+00
  -1.2190275e+00
  -9.4932095e-01
  -5.3547201e-01
   3.5153069e-02
   7.5564242e-01
   1.5918006e+00
   2.4907319e+00
   3.3812113e+00
   4.1736844e+00
   4.7603491e+00
   5.0440665e+00
   4.9965469e+00
   4.6268282e+00
   3.9747297e+00
   3.1108517e+00
   2.1365760e+00
   1.1586376e+00
   2.4034116e-01
  -5.6723353e-01
  -1.2289848e+00
  -1.7258218e+00
  -2.0546646e+00
  -2.2284440e+00
  -2.2670657e+00
  -2.1974614e+00
  -2.0544552e+00
  -1.8685192e+00
  -1.6657528e+00
  -1.4678824e+00
  -1.2922615e+00
  -1.1511973e+00
  -1.0449967e+00
  -9.6763349e-01
  -9.1340998e-01
  -8.7707667e-01
  -8.5383233e-01
  -8.3932394e-01
  -8.2964677e-01
  -8.2174841e-01
  -8.1474079e-01
  -8.0815492e-01
  -8.0157673e-01
  -7.9465905e-01
  -7.8712163e-01
  -7.7875116e-01
  -7.6940123e-01
  -7.5899237e-01
  -7.4751032e-01
  -7.3488694e-01
  -7.2091509e-01
  -7.0539186e-01
  -6.8812998e-01
  -6.6895780e-01
  -6.4771927e-01
  -6.2427400e-01
  -5.9849716e-01
  -5.7027960e-01
  -5.3952775e-01
  -5.0616368e-01
  -4.7012507e-01
  -4.3136522e-01
  -3.8985306e-01
  -3.4557312e-01
  -2.9852557e-01
  -2.4875494e-01
  -1.9643929e-01
  -1.4180681e-01
  -8.5121507e-02
  -2.6683589e-02
   3.3170485e-02
   9.4068030e-02
   1.5560013e-01
   2.1732163e-01
   2.7875115e-01
   3.3937109e-01
   3.9862760e-01
   4.5593059e-01
   5.1065377e-01
   5.6214753e-01
   6.0996975e-01
   6.5357075e-01
   6.9238404e-01
   7.2591926e-01
   7.5376222e-01
   7.7557486e-01
   7.9109527e-01
   8.0013767e-01
   8.0259245e-01
   7.9842612e-01
   7.8768135e-01
   7.7047695e-01
   7.4700787e-01
   7.1754521e-01
   6.8232540e-01
   6.4158281e-01
   5.9597545e-01
   5.4616052e-01
   4.9277264e-01
   4.3642384e-01
   3.7770355e-01
   3.1717863e-01
   2.5539334e-01
   1.9286935e-01
   1.3010572e-01
   6.7578965e-02
   5.7429729e-03
  -5.4970943e-02
  -1.1415406e-01
  -1.7142025e-01
  -2.2640597e-01
  -2.7877027e-01
  -3.2820198e-01
  -3.7455520e-01
  -4.1782230e-01
  -4.5801303e-01
  -4.9515199e-01
  -5.2927860e-01
  -5.6044710e-01
  -5.8872657e-01
  -6.1420090e-01
  -6.3696882e-01
  -6.5714389e-01
  -6.7485450e-01
  -6.9024386e-01
  -7.0347000e-01
  -7.1470581e-01
  -7.2413897e-01
  -7.3197200e-01
  -7.3842227e-01
  -7.4367225e-01
  -7.4779473e-01
  -7.5090778e-01
  -7.5312488e-01
  -7.5455217e-01
  -7.5528850e-01
  -7.5542539e-01
  -7.5504705e-01
  -7.5423039e-01
  -7.5304499e-01
  -7.5155311e-01
  -7.4980972e-01
  -7.4786245e-01
  -7.4575164e-01
  -7.4351030e-01
  -7.4116412e-01
  -7.3873149e-01
  -7.3622350e-01
  -7.3364388e-01
  -7.3100280e-01
  -7.2833210e-01
  -7.2563725e-01
  -7.2292210e-01
  -7.2019033e-01
  -7.1744539e-01
  -7.1469056e-01
  -7.1192887e-01
  -7.0916320e-01
  -7.0639618e-01
  -7.0363026e-01
  -7.0086769e-01
  -6.9811050e-01
  -6.9536053e-01
  -6.9261942e-01
  -6.8988860e-01
  -6.8716929e-01
  -6.8446252e-01
  -6.8176910e-01
  -6.7908966e-01
  -6.7642460e-01
  -6.7377415e-01
  -6.7113830e-01
  -6.6851686e-01
  -6.6590944e-01
  -6.6331543e-01
  -6.6073402e-01
  -6.5816420e-01
  -6.5560477e-01
  -6.5305432e-01
  -6.5051121e-01
  -6.4797359e-01
  -6.4543764e-01
  -6.4290527e-01
  -6.4038081e-01
  -6.3786768e-01
  -6.3536841e-01
  -6.3288460e-01
  -6.3041698e-01
  -6.2796536e-01
  -6.2552866e-01
  -6.2310487e-01
  -6.2069110e-01
  -6.1828356e-01
  -6.1587756e-01
  -6.1346748e-01
  -6.1104682e-01
  -6.0860819e-01
  -6.0614326e-01
  -6.0364283e-01
  -6.0109679e-01
  -5.9851966e-01
  -5.9596466e-01
  -5.9332418e-01
  -5.9045890e-01
  -5.8721230e-01
  -5.8341070e-01
  -5.7886325e-01
  -5.7336192e-01
  -5.6668151e-01
  -5.5857965e-01
  -5.4879678e-01
  -5.3705618e-01
  -5.2306397e-01
  -5.0650907e-01
  -4.8706324e-01
  -4.6438107e-01
  -4.3809997e-01
  -4.0784019e-01
  -3.7320478e-01
  -3.3378230e-01
  -2.8980479e-01
  -2.4195046e-01
  -1.9082182e-01
  -1.3723786e-01
  -8.2234101e-02
  -2.7062525e-02
   2.6830834e-02
   7.7953063e-02
   1.2463170e-01
   1.6533503e-01
   1.9873229e-01
   2.2369363e-01
   2.3929016e-01
   2.4476739e-01
   2.3991885e-01
   2.2517366e-01
   2.0117493e-01
   1.6876795e-01
   1.2900021e-01
   8.3121425e-02
   3.2583498e-02
  -2.0959459e-02
  -7.5665678e-02
  -1.3006613e-01
  -1.8296923e-01
  -2.3328989e-01
  -2.8016399e-01
  -3.2294845e-01
  -3.6122116e-01
  -3.9478105e-01
  -4.2364803e-01
  -4.4809784e-01
  -4.6913030e-01
  -4.8676086e-01
  -5.0077546e-01
  -5.1119083e-01
  -5.1825444e-01
  -5.2244451e-01
  -5.2447002e-01
  -5.2527071e-01
  -5.2601708e-01
  -5.2811038e-01
  -5.3318262e-01
  -5.4309654e-01
  -5.5994568e-01
  -5.8602648e-01
  -6.2426516e-01
  -6.8138504e-01
  -7.6136900e-01
  -8.6361069e-01
  -9.8291453e-01
  -1.1094957e+00
  -1.2289801e+00
  -1.3235710e+00
  -1.3698912e+00
  -1.3381062e+00
  -1.2034769e+00
  -9.4694273e-01
  -5.5512173e-01
  -2.0310195e-02
   6.5963676e-01
   1.4749255e+00
   2.3687864e+00
   3.2694461e+00
   4.1014536e+00
   4.7856797e+00
   5.2393173e+00
   5.3798505e+00
   5.1871690e+00
   4.7004428e+00
   3.9742168e+00
   3.0773192e+00
   2.0928619e+00
   1.1175250e+00
   2.2727551e-01
  -5.4172768e-01
  -1.1650259e+00
  -1.6292651e+00
  -1.9321956e+00
  -2.0826724e+00
  -2.1006550e+00
  -2.0171675e+00
  -1.8637471e+00
  -1.6701593e+00
  -1.4649131e+00
  -1.2696296e+00
  -1.0990415e+00
  -9.6099352e-01
  -8.5644212e-01
  -7.8090751e-01
  -7.2921391e-01
  -6.9524681e-01
  -6.7373405e-01
  -6.6031594e-01
  -6.5154527e-01
  -6.4488729e-01
  -6.3871976e-01
  -6.3233286e-01
  -6.2592930e-01
  -6.1955314e-01
  -6.1258060e-01
  -6.0489510e-01
  -5.9637610e-01
  -5.8689909e-01
  -5.7633558e-01
  -5.6455314e-01
  -5.5141532e-01
  -5.3678175e-01
  -5.2050805e-01
  -5.0244590e-01
  -4.8250326e-01
  -4.6055363e-01
  -4.3638743e-01
  -4.0982795e-01
  -3.8073175e-01
  -3.4898862e-01
  -3.1452162e-01
  -2.7728703e-01
  -2.3727441e-01
  -1.9450654e-01
  -1.4903947e-01
  -1.0096250e-01
  -5.0398159e-02
   2.4977580e-03
   5.7536212e-02
   1.1449492e-01
   1.7317241e-01
   2.3325195e-01
   2.9420694e-01
   3.5551042e-01
   4.1663866e-01
   4.7707117e-01
   5.3629070e-01
   5.9378320e-01
   6.4903788e-01
   7.0154718e-01
   7.5080674e-01
   7.9631546e-01
   8.3757547e-01
   8.7409212e-01
   9.0537399e-01
   9.3093289e-01
   9.5033215e-01
   9.6339303e-01
   9.7002270e-01
   9.7018196e-01
   9.6388831e-01
   9.5121594e-01
   9.3229570e-01
   9.0731514e-01
   8.7651851e-01
   8.4020671e-01
   7.9873736e-01
   7.5252474e-01
   7.0203981e-01
   6.4781025e-01
   5.9042039e-01
   5.3051125e-01
   4.6878056e-01
   4.0592622e-01
   3.4232592e-01
   2.7851105e-01
   2.1501694e-01
   1.5233153e-01
   9.0895350e-02
   3.1101544e-02
  -2.6704149e-02
  -8.2223386e-02
  -1.3520522e-01
  -1.8544612e-01
  -2.3278992e-01
  -2.7712787e-01
  -3.1839863e-01
  -3.5658825e-01
  -3.9173015e-01
  -4.2387556e-01
  -4.5297349e-01
  -4.7917340e-01
  -5.0265690e-01
  -5.2360018e-01
  -5.4217399e-01
  -5.5854363e-01
  -5.7286896e-01
  -5.8530441e-01
  -5.9599895e-01
  -6.0509611e-01
  -6.1273400e-01
  -6.1904527e-01
  -6.2415712e-01
  -6.2819132e-01
  -6.3126421e-01
  -6.3348667e-01
  -6.3496415e-01
  -6.3579665e-01
  -6.3607872e-01
  -6.3589949e-01
  -6.3534264e-01
  -6.3448624e-01
  -6.3338579e-01
  -6.3206904e-01
  -6.3056148e-01
  -6.2888710e-01
  -6.2706834e-01
  -6.2512618e-01
  -6.2308005e-01
  -6.2094789e-01
  -6.1874613e-01
  -6.1648967e-01
  -6.1419193e-01
  -6.1186480e-01
  -6.0951866e-01
  -6.0716238e-01
  -6.0480332e-01
  -6.0244735e-01
  -6.0009879e-01
  -5.9776049e-01
  -5.9543376e-01
  -5.9311842e-01
  -5.9081276e-01
  -5.8851358e-01
  -5.8621711e-01
  -5.8392778e-01
  -5.8164717e-01
  -5.7937532e-01
  -5.7711226e-01
  -5.7485803e-01
  -5.7261264e-01
  -5.7037610e-01
  -5.6814842e-01
  -5.6592959e-01
  -5.6371960e-01
  -5.6151842e-01
  -5.5932602e-01
  -5.5714236e-01
  -5.5496740e-01
  -5.5280107e-01
  -5.5064331e-01
  -5.4849405e-01
  -5.4635320e-01
  -5.4422067e-01
  -5.4209638e-01
  -5.3998019e-01
  -5.3787202e-01
  -5.3577171e-01
  -5.3367916e-01
  -5.3159420e-01
  -5.2951670e-01
  -5.2744650e-01
  -5.2538342e-01
  -5.2332730e-01
  -5.2126167e-01
  -5.1917895e-01
  -5.1709910e-01
  -5.1503317e-01
  -5.1298300e-01
  -5.1094132e-01
  -5.0889167e-01
  -5.0680843e-01
  -5.0465680e-01
  -5.0239284e-01
  -4.9996343e-01
  -4.9730630e-01
  -4.9435000e-01
  -4.9101393e-01
  -4.8724517e-01
  -4.8298497e-01
  -4.7788488e-01
  -4.7158078e-01
  -4.6371860e-01
  -4.5395429e-01
  -4.4195384e-01
  -4.2739328e-01
  -4.0995868e-01
  -3.8934616e-01
  -3.6526184e-01
  -3.3742191e-01
  -3.0555259e-01
  -2.6939013e-01
  -2.2868833e-01
  -1.8358962e-01
  -1.3479363e-01
  -8.3132154e-02
  -2.9543563e-02
   2.4927246e-02
   7.9128827e-02
   1.3180319e-01
   1.8158580e-01
   2.2700557e-01
   2.6648489e-01
   2.9834872e-01
   3.2138253e-01
   3.3499614e-01
   3.3882809e-01
   3.3279663e-01
   3.1709964e-01
   2.9221468e-01
   2.5889898e-01
   2.1818943e-01
   1.7140259e-01
   1.2013470e-01
   6.6256423e-02
   1.1294772e-02
  -4.3484738e-02
  -9.6800802e-02
  -1.4758781e-01
  -1.9499583e-01
  -2.3839064e-01
  -2.7735370e-01
  -3.1168217e-01
  -3.4138889e-01
  -3.6681715e-01
  -3.8889911e-01
  -4.0746882e-01
  -4.2234518e-01
  -4.3355996e-01
  -4.4135785e-01
  -4.4619639e-01
  -4.4874602e-01
  -4.4989008e-01
  -4.5072477e-01
  -4.5255919e-01
  -4.5691532e-01
  -4.6552804e-01
  -4.8034509e-01
  -5.0352712e-01
  -5.3770790e-01
  -5.8843570e-01
  -6.6036855e-01
  -7.5427049e-01
  -8.6697734e-01
  -9.9139679e-01
  -1.1166283e+00
  -1.2260466e+00
  -1.2955263e+00
  -1.3012594e+00
  -1.2206895e+00
  -1.0325111e+00
  -7.1667432e-01
  -2.6000728e-01
   3.4285760e-01
   1.0832066e+00
   1.9319538e+00
   2.8396408e+00
   3.7364372e+00
   4.5332086e+00
   5.1395888e+00
   5.4812679e+00
   5.5154212e+00
   5.2332527e+00
   4.6599947e+00
   3.8549079e+00
   2.9112714e+00
   1.9274138e+00
   9.7122527e-01
   1.0127640e-01
  -6.4016664e-01
  -1.2271422e+00
  -1.6499930e+00
  -1.9153647e+00
  -2.0355153e+00
  -2.0332151e+00
  -1.9401813e+00
  -1.7853114e+00
  -1.5946831e+00
  -1.3915543e+00
  -1.1963635e+00
  -1.0267235e+00
  -8.9255874e-01
  -7.9055323e-01
  -7.1584582e-01
  -6.6362127e-01
  -6.2911024e-01
  -6.0758930e-01
  -5.9438092e-01
  -5.8509696e-01
  -5.7786330e-01
  -5.7188683e-01
  -5.6646101e-01
  -5.6102314e-01
  -5.5515431e-01
  -5.4857943e-01
  -5.4116725e-01
  -5.3293032e-01
  -5.2385974e-01
  -5.1374888e-01
  -5.0245464e-01
  -4.8983577e-01
  -4.7575257e-01
  -4.6006697e-01
  -4.4264243e-01
  -4.2334401e-01
  -4.0203835e-01
  -3.7859367e-01
  -3.5287976e-01
  -3.2476799e-01
  -2.9413131e-01
  -2.6090275e-01
  -2.2504155e-01
  -1.8648016e-01
  -1.4519283e-01
  -1.0119570e-01
  -5.4546815e-02
  -5.3461032e-03
   4.6264614e-02
   1.0010162e-01
   1.5593932e-01
   2.1351021e-01
   2.7250490e-01
   3.3257210e-01
   3.9331866e-01
   4.5430950e-01
   5.1506766e-01
   5.7507431e-01
   6.3376869e-01
   6.9054818e-01
   7.4480324e-01
   7.9620038e-01
   8.4416516e-01
   8.8809803e-01
   9.2746670e-01
   9.6180607e-01
   9.9071828e-01
   1.0138726e+00
   1.0310057e+00
   1.0419213e+00
   1.0464904e+00
   1.0446512e+00
   1.0364091e+00
   1.0218368e+00
   1.0010741e+00
   9.7432812e-01
   9.4186843e-01
   9.0376501e-01
   8.6045001e-01
   8.1258226e-01
   7.6079638e-01
   7.0570281e-01
   6.4788777e-01
   5.8791330e-01
   5.2631722e-01
   4.6361316e-01
   4.0029056e-01
   3.3681465e-01
   2.7362647e-01
   2.1114286e-01
   1.4975645e-01
   8.9835682e-02
   3.1724799e-02
  -2.4256160e-02
  -7.7811351e-02
  -1.2866913e-01
  -1.7658205e-01
  -2.2135898e-01
  -2.6300370e-01
  -3.0158593e-01
  -3.3718183e-01
  -3.6987398e-01
  -3.9975140e-01
  -4.2690954e-01
  -4.5145028e-01
  -4.7348193e-01
  -4.9311923e-01
  -5.1048336e-01
  -5.2570192e-01
  -5.3890895e-01
  -5.5024491e-01
  -5.5985671e-01
  -5.6789767e-01
  -5.7452756e-01
  -5.7991256e-01
  -5.8422530e-01
  -5.8764484e-01
  -5.9031181e-01
  -5.9226333e-01
  -5.9357717e-01
  -5.9432836e-01
  -5.9458681e-01
  -5.9441729e-01
  -5.9387944e-01
  -5.9302778e-01
  -5.9191167e-01
  -5.9057537e-01
  -5.8905800e-01
  -5.8739353e-01
  -5.8561082e-01
  -5.8373360e-01
  -5.8178044e-01
  -5.7976481e-01
  -5.7769504e-01
  -5.7557431e-01
  -5.7340070e-01
  -5.7117383e-01
  -5.6894341e-01
  -5.6672168e-01
  -5.6450862e-01
  -5.6230419e-01
  -5.6010835e-01
  -5.5792107e-01
  -5.5574232e-01
  -5.5357206e-01
  -5.5141027e-01
  -5.4925690e-01
  -5.4711193e-01
  -5.4497532e-01
  -5.4284704e-01
  -5.4072706e-01
  -5.3861534e-01
  -5.3651185e-01
  -5.3441657e-01
  -5.3232945e-01
  -5.3025048e-01
  -5.2817960e-01
  -5.2611680e-01
  -5.2406205e-01
  -5.2201530e-01
  -5.1997653e-01
  -5.1794538e-01
  -5.1591973e-01
  -5.1390030e-01
  -5.1188822e-01
  -5.0988443e-01
  -5.0788963e-01
  -5.0590432e-01
  -5.0392877e-01
  -5.0196304e-01
  -5.0000697e-01
  -4.9806020e-01
  -4.9612214e-01
  -4.9419198e-01
  -4.9226871e-01
  -4.9035108e-01
  -4.8843765e-01
  -4.8652674e-01
  -4.8461647e-01
  -4.8270475e-01
  -4.8078925e-01
  -4.7886745e-01
  -4.7693658e-01
  -4.7492179e-01
  -4.7279743e-01
  -4.7060890e-01
  -4.6837112e-01
  -4.6606854e-01
  -4.6365515e-01
  -4.6105448e-01
  -4.5815957e-01
  -4.5483304e-01
  -4.5090699e-01
  -4.4618310e-01
  -4.4043254e-01
  -4.3339606e-01
  -4.2478391e-01
  -4.1427588e-01
  -4.0152131e-01
  -3.8615692e-01
  -3.6794079e-01
  -3.4633512e-01
  -3.2085568e-01
  -2.9118382e-01
  -2.5716645e-01
  -2.1881599e-01
  -1.7631046e-01
  -1.2999340e-01
  -8.0373905e-02
  -2.8126633e-02
   2.5908215e-02
   8.0916165e-02
   1.3556133e-01
   1.8799370e-01
   2.3655888e-01
   2.7980336e-01
   3.1647452e-01
   3.4552062e-01
   3.6609081e-01
   3.7753512e-01
   3.7940447e-01
   3.7145065e-01
   3.5358527e-01
   3.2614679e-01
   2.9060121e-01
   2.4848097e-01
   2.0125000e-01
   1.5030373e-01
   9.6969086e-02
   4.2504505e-02
  -1.1900095e-02
  -6.5123292e-02
  -1.1611217e-01
  -1.6388231e-01
  -2.0751843e-01
  -2.4648807e-01
  -2.8086812e-01
  -3.1079658e-01
  -3.3645759e-01
  -3.5808151e-01
  -3.7594484e-01
  -3.9037025e-01
  -4.0172662e-01
  -4.1042896e-01
  -4.1693848e-01
  -4.2176255e-01
  -4.2551051e-01
  -4.2869784e-01
  -4.3189275e-01
  -4.3620445e-01
  -4.4329435e-01
  -4.5537604e-01
  -4.7521533e-01
  -5.0613016e-01
  -5.5199071e-01
  -6.1717876e-01
  -7.0388333e-01
  -8.1067312e-01
  -9.3218649e-01
  -1.0584091e+00
  -1.1746738e+00
  -1.2616611e+00
  -1.2960932e+00
  -1.2558821e+00
  -1.1143495e+00
  -8.5050682e-01
  -4.5131476e-01
   8.8316680e-02
   7.6552818e-01
   1.5705825e+00
   2.4651743e+00
   3.3734291e+00
   4.2188730e+00
   4.9265880e+00
   5.4232120e+00
   5.6369655e+00
   5.5348279e+00
   5.1086033e+00
   4.3826162e+00
   3.4506262e+00
   2.4625529e+00
   1.4863209e+00
   5.8197175e-01
  -1.9835313e-01
  -8.2382549e-01
  -1.2823589e+00
  -1.5766175e+00
  -1.7208581e+00
  -1.7354592e+00
  -1.6468582e+00
  -1.4875516e+00
  -1.2924084e+00
  -1.0889168e+00
  -8.9872753e-01
  -7.3610128e-01
  -6.0788599e-01
  -5.1351666e-01
  -4.4748398e-01
  -4.0389296e-01
  -3.7629269e-01
  -3.5935915e-01
  -3.4890152e-01
  -3.4186216e-01
  -3.3631662e-01
  -3.3146411e-01
  -3.2674387e-01
  -3.2169941e-01
  -3.1616649e-01
  -3.0998575e-01
  -3.0300271e-01
  -2.9506774e-01
  -2.8603612e-01
  -2.7576800e-01
  -2.6412838e-01
  -2.5098716e-01
  -2.3625645e-01
  -2.1982384e-01
  -2.0145002e-01
  -1.8092104e-01
  -1.5805276e-01
  -1.3269090e-01
  -1.0471096e-01
  -7.4018283e-02
  -4.0548038e-02
  -4.2652082e-03
   3.4835401e-02
   7.6729159e-02
   1.2136162e-01
   1.6864850e-01
   2.1847571e-01
   2.7069933e-01
   3.2514638e-01
   3.8168704e-01
   4.3994083e-01
   4.9938632e-01
   5.5950102e-01
   6.1976137e-01
   6.7964274e-01
   7.3861943e-01
   7.9616467e-01
   8.5175064e-01
   9.0484842e-01
   9.5492806e-01
   1.0014585e+00
   1.0439077e+00
   1.0817423e+00
   1.1144283e+00
   1.1414303e+00
   1.1622239e+00
   1.1765235e+00
   1.1842350e+00
   1.1853159e+00
   1.1797810e+00
   1.1677029e+00
   1.1492116e+00
   1.1244948e+00
   1.0937979e+00
   1.0574235e+00
   1.0157321e+00
   9.6914171e-01
   9.1812790e-01
   8.6322382e-01
   8.0502020e-01
   7.4416535e-01
   6.8136518e-01
   6.1738316e-01
   5.5290835e-01
   4.8828723e-01
   4.2405456e-01
   3.6071477e-01
   2.9872226e-01
   2.3848135e-01
   1.8034632e-01
   1.2462137e-01
   7.1560681e-02
   2.1368341e-02
  -2.5801599e-02
  -6.9845145e-02
  -1.1070836e-01
  -1.4838738e-01
  -1.8292836e-01
  -2.1442756e-01
  -2.4301810e-01
  -2.6871216e-01
  -2.9165576e-01
  -3.1204477e-01
  -3.3006791e-01
  -3.4590667e-01
  -3.5973539e-01
  -3.7172121e-01
  -3.8202408e-01
  -3.9079677e-01
  -3.9818485e-01
  -4.0432673e-01
  -4.0935360e-01
  -4.1338950e-01
  -4.1655124e-01
  -4.1894848e-01
  -4.2068368e-01
  -4.2185212e-01
  -4.2254187e-01
  -4.2283385e-01
  -4.2280202e-01
  -4.2251014e-01
  -4.2199282e-01
  -4.2127742e-01
  -4.2038960e-01
  -4.1935332e-01
  -4.1819079e-01
  -4.1692255e-01
  -4.1556742e-01
  -4.1414248e-01
  -4.1266314e-01
  -4.1114308e-01
  -4.0959427e-01
  -4.0802695e-01
  -4.0644970e-01
  -4.0486933e-01
  -4.0329099e-01
  -4.0171808e-01
  -4.0015231e-01
  -3.9859368e-01
  -3.9704047e-01
  -3.9548989e-01
  -3.9394431e-01
  -3.9240468e-01
  -3.9087102e-01
  -3.8934332e-01
  -3.8782158e-01
  -3.8630580e-01
  -3.8479596e-01
  -3.8329207e-01
  -3.8179409e-01
  -3.8030202e-01
  -3.7881584e-01
  -3.7733552e-01
  -3.7586103e-01
  -3.7439234e-01
  -3.7292943e-01
  -3.7147225e-01
  -3.7002077e-01
  -3.6857494e-01
  -3.6713472e-01
  -3.6570005e-01
  -3.6427089e-01
  -3.6284718e-01
  -3.6142887e-01
  -3.6001588e-01
  -3.5860816e-01
  -3.5720564e-01
  -3.5580824e-01
  -3.5441386e-01
  -3.5300777e-01
  -3.5159943e-01
  -3.5019949e-01
  -3.4881302e-01
  -3.4743956e-01
  -3.4607306e-01
  -3.4470196e-01
  -3.4330912e-01
  -3.4187184e-01
  -3.4036188e-01
  -3.3874543e-01
  -3.3698315e-01
  -3.3503013e-01
  -3.3283881e-01
  -3.3037119e-01
  -3.2745415e-01
  -3.2386190e-01
  -3.1934859e-01
  -3.1364833e-01
  -3.0647521e-01
  -2.9752328e-01
  -2.8646653e-01
  -2.7295895e-01
  -2.5663447e-01
  -2.3710699e-01
  -2.1397038e-01
  -1.8679846e-01
  -1.5514939e-01
  -1.1888949e-01
  -7.8202605e-02
  -3.3400625e-02
   1.5007637e-02
   6.6316436e-02
   1.1962309e-01
   1.7382800e-01
   2.2763463e-01
   2.7954950e-01
   3.2788222e-01
   3.7083117e-01
   4.0706540e-01
   4.3521851e-01
   4.5420266e-01
   4.6329461e-01
   4.6213563e-01
   4.5073158e-01
   4.2945289e-01
   3.9903454e-01
   3.6057606e-01
   3.1554155e-01
   2.6550531e-01
   2.1194246e-01
   1.5664152e-01
   1.0118424e-01
   4.6931104e-02
  -4.9786325e-03
  -5.3626941e-02
  -9.8317026e-02
  -1.3857333e-01
  -1.7414151e-01
  -2.0498948e-01
  -2.3131455e-01
  -2.5336654e-01
  -2.7143224e-01
  -2.8586258e-01
  -2.9707259e-01
  -3.0554141e-01
  -3.1181229e-01
  -3.1649259e-01
  -3.2025380e-01
  -3.2383149e-01
  -3.2802538e-01
  -3.3363717e-01
  -3.3962721e-01
  -3.5167287e-01
  -3.7678451e-01
  -4.1971518e-01
  -4.8296054e-01
  -5.6675894e-01
  -6.6909138e-01
  -7.8568151e-01
  -9.0999564e-01
  -1.0315191e+00
  -1.1265198e+00
  -1.1678413e+00
  -1.1306355e+00
  -9.9237877e-01
  -7.3287144e-01
  -3.3423822e-01
   2.1670981e-01
   9.1343005e-01
   1.7289077e+00
   2.6182295e+00
   3.5185799e+00
   4.3492418e+00
   5.0115961e+00
   5.4111751e+00
   5.4943266e+00
   5.2350830e+00
   4.6561581e+00
   3.8318431e+00
   2.8755137e+00
   1.8933881e+00
   9.7620244e-01
   1.9243280e-01
  -4.2632440e-01
  -8.6681983e-01
  -1.1301448e+00
  -1.2317312e+00
  -1.2013509e+00
  -1.0757380e+00
  -8.9410847e-01
  -6.9337442e-01
  -5.0115745e-01
  -3.3578891e-01
  -2.0630982e-01
  -1.1383466e-01
  -5.2284239e-02
  -1.3373192e-02
   9.8589323e-03
   2.3042706e-02
   3.0478826e-02
   3.5138116e-02
   3.8661523e-02
   4.1882201e-02
   4.5371530e-02
   4.9362544e-02
   5.4068230e-02
   5.9681523e-02
   6.6375313e-02
   7.4302439e-02
   8.3595580e-02
   9.4347589e-02
   1.0675931e-01
   1.2107897e-01
   1.3753051e-01
   1.5631364e-01
   1.7760380e-01
   2.0155218e-01
   2.2828570e-01
   2.5790702e-01
   2.9049457e-01
   3.2610248e-01
   3.6476065e-01
   4.0647471e-01
   4.5122603e-01
   4.9899345e-01
   5.4962053e-01
   6.0273785e-01
   6.5794010e-01
   7.1479141e-01
   7.7282538e-01
   8.3154505e-01
   8.9042291e-01
   9.4890090e-01
   1.0063904e+00
   1.0622723e+00
   1.1158968e+00
   1.1665838e+00
   1.2136223e+00
   1.2562711e+00
   1.2937582e+00
   1.3253937e+00
   1.3508431e+00
   1.3697215e+00
   1.3817252e+00
   1.3866449e+00
   1.3843652e+00
   1.3748653e+00
   1.3582185e+00
   1.3345924e+00
   1.3042489e+00
   1.2675441e+00
   1.2249284e+00
   1.1769464e+00
   1.1242371e+00
   1.0675337e+00
   1.0076636e+00
   9.4541093e-01
   8.8126817e-01
   8.1600382e-01
   7.5034884e-01
   6.8497001e-01
   6.2046995e-01
   5.5738710e-01
   4.9619571e-01
   4.3730589e-01
   3.8106354e-01
   3.2775041e-01
   2.7758408e-01
   2.3071793e-01
   1.8724121e-01
   1.4717894e-01
   1.1049203e-01
   7.7157863e-02
   4.7147487e-02
   2.0250989e-02
  -3.7401779e-03
  -2.5029092e-02
  -4.3813362e-02
  -6.0285132e-02
  -7.4631075e-02
  -8.7032399e-02
  -9.7664843e-02
  -1.0669868e-01
  -1.1429871e-01
  -1.2062426e-01
  -1.2582922e-01
  -1.3006197e-01
  -1.3346545e-01
  -1.3617712e-01
  -1.3832899e-01
  -1.4003327e-01
  -1.4134818e-01
  -1.4232047e-01
  -1.4299399e-01
  -1.4340964e-01
  -1.4360541e-01
  -1.4361634e-01
  -1.4347455e-01
  -1.4320920e-01
  -1.4284653e-01
  -1.4240985e-01
  -1.4191953e-01
  -1.4139301e-01
  -1.4084478e-01
  -1.4028641e-01
  -1.3972654e-01
  -1.3917086e-01
  -1.3862213e-01
  -1.3807806e-01
  -1.3753611e-01
  -1.3699626e-01
  -1.3645851e-01
  -1.3592286e-01
  -1.3538930e-01
  -1.3485783e-01
  -1.3432844e-01
  -1.3380111e-01
  -1.3327586e-01
  -1.3275266e-01
  -1.3223150e-01
  -1.3171239e-01
  -1.3119531e-01
  -1.3068025e-01
  -1.3016720e-01
  -1.2965615e-01
  -1.2914708e-01
  -1.2864000e-01
  -1.2813488e-01
  -1.2763171e-01
  -1.2713048e-01
  -1.2663117e-01
  -1.2613378e-01
  -1.2563829e-01
  -1.2514455e-01
  -1.2465003e-01
  -1.2415627e-01
  -1.2366552e-01
  -1.2317860e-01
  -1.2269487e-01
  -1.2221229e-01
  -1.2172736e-01
  -1.2123516e-01
  -1.2072931e-01
  -1.2020203e-01
  -1.1964406e-01
  -1.1903534e-01
  -1.1830902e-01
  -1.1746997e-01
  -1.1649916e-01
  -1.1533324e-01
  -1.1386451e-01
  -1.1194098e-01
  -1.0936630e-01
  -1.0589979e-01
  -1.0125645e-01
  -9.5106960e-02
  -8.7077651e-02
  -7.6872112e-02
  -6.4191431e-02
  -4.8160439e-02
  -2.8066384e-02
  -3.4086479e-03
   2.6101252e-02
   6.0539662e-02
   9.9770796e-02
   1.4344673e-01
   1.9100741e-01
   2.4168063e-01
   2.9448208e-01
   3.4837055e-01
   4.0208921e-01
   4.5305053e-01
   4.9891060e-01
   5.3772025e-01
   5.6792507e-01
   5.8836536e-01
   5.9827620e-01
   5.9728739e-01
   5.8542347e-01
   5.6310373e-01
   5.3114219e-01
   4.9074763e-01
   4.4329298e-01
   3.9076780e-01
   3.3539994e-01
   2.7914516e-01
   2.2368713e-01
   1.7043743e-01
   1.2053554e-01
   7.4848893e-02
   3.3972791e-02
  -1.7695282e-03
  -3.2326921e-02
  -5.7920330e-02
  -7.9042750e-02
  -9.6294470e-02
  -1.0997423e-01
  -1.2043195e-01
  -1.2816542e-01
  -1.3382023e-01
  -1.3818984e-01
  -1.4221555e-01
  -1.4698649e-01
  -1.5372468e-01
  -1.6090264e-01
  -1.7517507e-01
  -2.0589895e-01
  -2.5875762e-01
  -3.3576082e-01
  -4.3524469e-01
  -5.5187173e-01
  -6.7663086e-01
  -7.9683868e-01
  -8.9796550e-01
  -9.4342366e-01
  -8.9313669e-01
  -7.1751749e-01
  -3.9746834e-01
   7.5619127e-02
   6.9986390e-01
   1.4628956e+00
   2.3439840e+00
   3.2788522e+00
   4.1268991e+00
   4.7716292e+00
   5.1307628e+00
   5.1562367e+00
   4.8342039e+00
   4.1872352e+00
   3.3101177e+00
   2.3320191e+00
   1.3599241e+00
   4.7671374e-01
  -2.5883570e-01
  -8.1205201e-01
  -1.1723673e+00
  -1.3533180e+00
  -1.3880388e+00
  -1.3028560e+00
  -1.1426343e+00
  -9.4794378e-01
  -7.5035262e-01
  -5.7242708e-01
  -4.2773157e-01
  -3.2082863e-01
  -2.4760387e-01
  -2.0071801e-01
  -1.7266661e-01
  -1.5692223e-01
  -1.4832942e-01
  -1.4310473e-01
  -1.3883670e-01
  -1.3448588e-01
  -1.3024380e-01
  -1.2564196e-01
  -1.2031366e-01
  -1.1409655e-01
  -1.0682524e-01
  -9.8331247e-02
  -8.8443043e-02
  -7.6986028e-02
  -6.3795405e-02
  -4.8774780e-02
  -3.1661396e-02
  -1.2187889e-02
   9.8738946e-03
   3.4712894e-02
   6.2478834e-02
   9.3282230e-02
   1.2719438e-01
   1.6424737e-01
   2.0443408e-01
   2.4770816e-01
   2.9398407e-01
   3.4313703e-01
   3.9500307e-01
   4.4947852e-01
   5.0641116e-01
   5.6511261e-01
   6.2487650e-01
   6.8500923e-01
   7.4483000e-01
   8.0367075e-01
   8.6087622e-01
   9.1580393e-01
   9.6782416e-01
   1.0163200e+00
   1.0606872e+00
   1.1003345e+00
   1.1346832e+00
   1.1631676e+00
   1.1852345e+00
   1.2003436e+00
   1.2079670e+00
   1.2076919e+00
   1.1996760e+00
   1.1842593e+00
   1.1618155e+00
   1.1327526e+00
   1.0975124e+00
   1.0565711e+00
   1.0104388e+00
   9.5965963e-01
   9.0481185e-01
   8.4650779e-01
   7.8539382e-01
   7.2215041e-01
   6.5749207e-01
   5.9216739e-01
   5.2695905e-01
   4.6268375e-01
   4.0019145e-01
   3.3998556e-01
   2.8225025e-01
   2.2726432e-01
   1.7526076e-01
   1.2642670e-01
   8.0903498e-02
   3.8786668e-02
   1.2591625e-04
  -3.5074872e-02
  -6.6857628e-02
  -9.5310099e-02
  -1.2056585e-01
  -1.4280427e-01
  -1.6225056e-01
  -1.7917573e-01
  -1.9389136e-01
  -2.0655223e-01
  -2.1731222e-01
  -2.2637714e-01
  -2.3393960e-01
  -2.4017899e-01
  -2.4526152e-01
  -2.4934017e-01
  -2.5255473e-01
  -2.5503176e-01
  -2.5688464e-01
  -2.5821353e-01
  -2.5910538e-01
  -2.5963395e-01
  -2.5985978e-01
  -2.5983134e-01
  -2.5961412e-01
  -2.5924593e-01
  -2.5874754e-01
  -2.5813829e-01
  -2.5743603e-01
  -2.5665717e-01
  -2.5581661e-01
  -2.5492782e-01
  -2.5400275e-01
  -2.5305194e-01
  -2.5208442e-01
  -2.5110776e-01
  -2.5012807e-01
  -2.4914998e-01
  -2.4817664e-01
  -2.4720977e-01
  -2.4624957e-01
  -2.4529481e-01
  -2.4434276e-01
  -2.4338935e-01
  -2.4243550e-01
  -2.4148383e-01
  -2.4053495e-01
  -2.3958938e-01
  -2.3864758e-01
  -2.3770991e-01
  -2.3677670e-01
  -2.3584818e-01
  -2.3492450e-01
  -2.3400577e-01
  -2.3309200e-01
  -2.3218314e-01
  -2.3127906e-01
  -2.3037956e-01
  -2.2948438e-01
  -2.2859318e-01
  -2.2770553e-01
  -2.2682095e-01
  -2.2593888e-01
  -2.2505869e-01
  -2.2417968e-01
  -2.2330108e-01
  -2.2242202e-01
  -2.2154160e-01
  -2.2065882e-01
  -2.1977262e-01
  -2.1887615e-01
  -2.1790023e-01
  -2.1687270e-01
  -2.1582701e-01
  -2.1476225e-01
  -2.1364317e-01
  -2.1240022e-01
  -2.1092947e-01
  -2.0909270e-01
  -2.0671733e-01
  -2.0359644e-01
  -1.9948880e-01
  -1.9411882e-01
  -1.8719108e-01
  -1.7872945e-01
  -1.6799277e-01
  -1.5404305e-01
  -1.3614181e-01
  -1.1375008e-01
  -8.6528391e-02
  -5.4336786e-02
  -1.7234808e-02
   2.4518491e-02
   7.0464550e-02
   1.1994531e-01
   1.7210319e-01
   2.2588332e-01
   2.8024515e-01
   3.3290132e-01
   3.8126530e-01
   4.2316302e-01
   4.5683282e-01
   4.8092545e-01
   4.9450414e-01
   4.9704450e-01
   4.8843460e-01
   4.6897493e-01
   4.3937841e-01
   4.0072497e-01
   3.5432564e-01
   3.0254493e-01
   2.4770013e-01
   1.9182583e-01
   1.3667393e-01
   8.3713634e-02
   3.4131452e-02
  -1.1168797e-02
  -5.1565990e-02
  -8.6721696e-02
  -1.1658018e-01
  -1.4136839e-01
  -1.6159600e-01
  -1.7801319e-01
  -1.9099156e-01
  -2.0074043e-01
  -2.0769934e-01
  -2.1254153e-01
  -2.1617391e-01
  -2.1973710e-01
  -2.2460541e-01
  -2.3238683e-01
  -2.4287016e-01
  -2.5945774e-01
  -2.9400958e-01
  -3.5363277e-01
  -4.4020837e-01
  -5.5039149e-01
  -6.7561123e-01
  -8.0207070e-01
  -9.1074704e-01
  -9.8413915e-01
  -9.9956392e-01
  -8.9981106e-01
  -6.4489507e-01
  -2.1558424e-01
   3.8659935e-01
   1.1393798e+00
   1.9997274e+00
   2.9038586e+00
   3.7672361e+00
   4.4839727e+00
   4.9344960e+00
   5.0380962e+00
   4.7715641e+00
   4.1692717e+00
   3.3225249e+00
   2.3532264e+00
   1.3796162e+00
   4.9497363e-01
  -2.3771445e-01
  -7.8575346e-01
  -1.1436895e+00
  -1.3227912e+00
  -1.3519939e+00
  -1.2651728e+00
  -1.1002394e+00
  -8.9914067e-01
  -7.0221465e-01
  -5.2970818e-01
  -3.9195099e-01
  -2.9252168e-01
  -2.2823890e-01
  -1.8926839e-01
  -1.6596257e-01
  -1.5297437e-01
  -1.4573249e-01
  -1.4101260e-01
  -1.3693741e-01
  -1.3293242e-01
  -1.2861455e-01
  -1.2364854e-01
  -1.1784542e-01
  -1.1102172e-01
  -1.0299941e-01
  -9.3605956e-02
  -8.2694606e-02
  -7.0194347e-02
  -5.5814457e-02
  -3.9257709e-02
  -2.0264664e-02
   1.3863347e-03
   2.5879158e-02
   5.3359891e-02
   8.3936836e-02
   1.1768051e-01
   1.5462364e-01
   1.9476118e-01
   2.3805028e-01
   2.8441033e-01
   3.3372291e-01
   3.8583183e-01
   4.4061066e-01
   4.9770101e-01
   5.5643323e-01
   6.1613289e-01
   6.7612466e-01
   7.3573225e-01
   7.9427848e-01
   8.5108523e-01
   9.0547345e-01
   9.5676319e-01
   1.0042735e+00
   1.0473227e+00
   1.0852279e+00
   1.1173056e+00
   1.1428710e+00
   1.1612430e+00
   1.1719915e+00
   1.1750793e+00
   1.1705628e+00
   1.1585714e+00
   1.1393072e+00
   1.1130453e+00
   1.0801332e+00
   1.0409916e+00
   9.9611384e-01
   9.4606597e-01
   8.9148696e-01
   8.3308854e-01
   7.7165526e-01
   7.0804443e-01
   6.4318619e-01
   5.7808347e-01
   5.1348512e-01
   4.4981852e-01
   3.8765989e-01
   3.2751681e-01
   2.6982781e-01
   2.1496247e-01
   1.6322133e-01
   1.1483595e-01
   6.9968892e-02
   2.8713705e-02
  -8.9050513e-03
  -4.2931821e-02
  -7.3480046e-02
  -1.0073217e-01
  -1.2493676e-01
  -1.4622111e-01
  -1.6475562e-01
  -1.8079141e-01
  -1.9456690e-01
  -2.0630777e-01
  -2.1622696e-01
  -2.2452473e-01
  -2.3138859e-01
  -2.3699334e-01
  -2.4150104e-01
  -2.4506105e-01
  -2.4781000e-01
  -2.4987179e-01
  -2.5135762e-01
  -2.5236595e-01
  -2.5298251e-01
  -2.5328666e-01
  -2.5334742e-01
  -2.5319905e-01
  -2.5287185e-01
  -2.5239383e-01
  -2.5179065e-01
  -2.5108568e-01
  -2.5029995e-01
  -2.4945220e-01
  -2.4855884e-01
  -2.4763398e-01
  -2.4668939e-01
  -2.4573455e-01
  -2.4477661e-01
  -2.4382041e-01
  -2.4286849e-01
  -2.4192104e-01
  -2.4097598e-01
  -2.4003282e-01
  -2.3909325e-01
  -2.3815729e-01
  -2.3722496e-01
  -2.3629628e-01
  -2.3537126e-01
  -2.3444989e-01
  -2.3353218e-01
  -2.3261812e-01
  -2.3170770e-01
  -2.3080091e-01
  -2.2989772e-01
  -2.2899812e-01
  -2.2810206e-01
  -2.2720953e-01
  -2.2632047e-01
  -2.2543484e-01
  -2.2455260e-01
  -2.2367369e-01
  -2.2279805e-01
  -2.2192562e-01
  -2.2105633e-01
  -2.2019010e-01
  -2.1932687e-01
  -2.1846266e-01
  -2.1758318e-01
  -2.1670286e-01
  -2.1583275e-01
  -2.1497554e-01
  -2.1412558e-01
  -2.1326887e-01
  -2.1238308e-01
  -2.1143750e-01
  -2.1039310e-01
  -2.0920250e-01
  -2.0780996e-01
  -2.0615237e-01
  -2.0417933e-01
  -2.0167804e-01
  -1.9834797e-01
  -1.9385918e-01
  -1.8785235e-01
  -1.7993877e-01
  -1.6970035e-01
  -1.5668960e-01
  -1.4042966e-01
  -1.2041426e-01
  -9.6107759e-02
  -6.6945125e-02
  -3.2406409e-02
   7.4125533e-03
   5.1954904e-02
   1.0044128e-01
   1.5187137e-01
   2.0502388e-01
   2.5845657e-01
   3.1050625e-01
   3.5928875e-01
   4.0269895e-01
   4.3841076e-01
   4.6417808e-01
   4.7905748e-01
   4.8252462e-01
   4.7447046e-01
   4.5522523e-01
   4.2555846e-01
   3.8667898e-01
   3.4023495e-01
   2.8831378e-01
   2.3343005e-01
   1.7769748e-01
   1.2281230e-01
   7.0355252e-02
   2.1578099e-02
  -2.2596330e-02
  -6.1574155e-02
  -9.5090438e-02
  -1.2320919e-01
  -1.4632336e-01
  -1.6535288e-01
  -1.8070696e-01
  -1.9232859e-01
  -2.0048951e-01
  -2.0579217e-01
  -2.0916984e-01
  -2.1188650e-01
  -2.1553695e-01
  -2.2204673e-01
  -2.3367214e-01
  -2.5294015e-01
  -2.8421041e-01
  -3.3579224e-01
  -4.1220326e-01
  -5.1294552e-01
  -6.3250553e-01
  -7.6041885e-01
  -8.7610438e-01
  -9.4738923e-01
  -9.4251571e-01
  -8.3119765e-01
  -5.8462036e-01
  -1.7781207e-01
   3.9945866e-01
   1.1394207e+00
   2.0022373e+00
   2.9148664e+00
   3.7715871e+00
   4.4527789e+00
   4.8380445e+00
   4.8557239e+00
   4.4967902e+00
   3.8144559e+00
   2.9149384e+00
   1.9342273e+00
   9.8691148e-01
   1.5719587e-01
  -5.0103894e-01
  -9.6483287e-01
  -1.2384941e+00
  -1.3404814e+00
  -1.3016171e+00
  -1.1646777e+00
  -9.7494491e-01
  -7.7305703e-01
  -5.8877974e-01
  -4.3936493e-01
  -3.2985611e-01
  -2.5698781e-01
  -2.1161587e-01
  -1.8512122e-01
  -1.7051763e-01
  -1.6245168e-01
  -1.5720277e-01
  -1.5268312e-01
  -1.4842347e-01
  -1.4408140e-01
  -1.3907929e-01
  -1.3323426e-01
  -1.2636017e-01
  -1.1826762e-01
  -1.0876393e-01
  -9.7653170e-02
  -8.4736159e-02
  -6.9826379e-02
  -5.2811988e-02
  -3.3395056e-02
  -1.1283955e-02
   1.3759811e-02
   4.1921605e-02
   7.3333655e-02
   1.0807505e-01
   1.4617177e-01
   1.8759662e-01
   2.3226931e-01
   2.8005640e-01
   3.3077131e-01
   3.8417433e-01
   4.3998382e-01
   4.9804334e-01
   5.5768521e-01
   6.1807018e-01
   6.7838222e-01
   7.3782859e-01
   7.9563977e-01
   8.5106951e-01
   9.0339481e-01
   9.5191590e-01
   9.9595631e-01
   1.0348628e+00
   1.0680053e+00
   1.0947771e+00
   1.1145948e+00
   1.1268980e+00
   1.1311397e+00
   1.1270991e+00
   1.1150965e+00
   1.0955250e+00
   1.0688183e+00
   1.0354512e+00
   9.9593933e-01
   9.5083926e-01
   9.0074835e-01
   8.4630487e-01
   7.8818798e-01
   7.2711770e-01
   6.6385494e-01
   5.9920151e-01
   5.3400006e-01
   4.6913416e-01
   4.0552822e-01
   3.4405834e-01
   2.8501128e-01
   2.2868755e-01
   1.7537752e-01
   1.2531693e-01
   7.8686932e-02
   3.5614046e-02
  -3.8298092e-03
  -3.9627327e-02
  -7.1815816e-02
  -1.0048719e-01
  -1.2578799e-01
  -1.4791935e-01
  -1.6713703e-01
  -1.8375139e-01
  -1.9808318e-01
  -2.1025840e-01
  -2.2049343e-01
  -2.2901203e-01
  -2.3602252e-01
  -2.4171779e-01
  -2.4627526e-01
  -2.4985690e-01
  -2.5260924e-01
  -2.5466338e-01
  -2.5613493e-01
  -2.5712409e-01
  -2.5771560e-01
  -2.5797874e-01
  -2.5797129e-01
  -2.5776718e-01
  -2.5740149e-01
  -2.5689792e-01
  -2.5627836e-01
  -2.5556293e-01
  -2.5476994e-01
  -2.5391589e-01
  -2.5301552e-01
  -2.5208174e-01
  -2.5112570e-01
  -2.5015673e-01
  -2.4918238e-01
  -2.4820840e-01
  -2.4723875e-01
  -2.4627558e-01
  -2.4531927e-01
  -2.4436839e-01
  -2.4341972e-01
  -2.4246885e-01
  -2.4151843e-01
  -2.4057051e-01
  -2.3962563e-01
  -2.3868426e-01
  -2.3774680e-01
  -2.3681356e-01
  -2.3588480e-01
  -2.3496071e-01
  -2.3404139e-01
  -2.3312688e-01
  -2.3221715e-01
  -2.3131208e-01
  -2.3041149e-01
  -2.2951515e-01
  -2.2862271e-01
  -2.2773379e-01
  -2.2684792e-01
  -2.2596457e-01
  -2.2508311e-01
  -2.2420286e-01
  -2.2332308e-01
  -2.2244293e-01
  -2.2156151e-01
  -2.2067786e-01
  -2.1979092e-01
  -2.1885154e-01
  -2.1784911e-01
  -2.1682805e-01
  -2.1579578e-01
  -2.1472266e-01
  -2.1354190e-01
  -2.1214966e-01
  -2.1040500e-01
  -2.0812985e-01
  -2.0510909e-01
  -2.0109047e-01
  -1.9578467e-01
  -1.8901374e-01
  -1.8054943e-01
  -1.6936012e-01
  -1.5455597e-01
  -1.3545192e-01
  -1.1156760e-01
  -8.2627420e-02
  -4.8560502e-02
  -9.5007178e-03
   3.4213328e-02
   8.2038292e-02
   1.3322609e-01
   1.8688985e-01
   2.4203705e-01
   2.9578122e-01
   3.4526052e-01
   3.8807933e-01
   4.2230816e-01
   4.4648374e-01
   4.5960895e-01
   4.6115286e-01
   4.5105072e-01
   4.2970395e-01
   3.9798016e-01
   3.5720195e-01
   3.0902205e-01
   2.5597444e-01
   2.0055421e-01
   1.4491628e-01
   9.0875328e-02
   3.9905868e-02
  -6.8578017e-03
  -4.8621577e-02
  -8.4931555e-02
  -1.1567403e-01
  -1.4107549e-01
  -1.6171003e-01
  -1.7826991e-01
  -1.9100936e-01
  -2.0030892e-01
  -2.0677892e-01
  -2.1125953e-01
  -2.1482070e-01
  -2.1876221e-01
  -2.2461364e-01
  -2.3368452e-01
  -2.4432346e-01
  -2.6857956e-01
  -3.1718230e-01
  -3.9462254e-01
  -4.9915251e-01
  -6.2278582e-01
  -7.5129744e-01
  -8.6422372e-01
  -9.3559122e-01
  -9.4372866e-01
  -8.3669098e-01
  -5.7086332e-01
  -1.2582991e-01
   4.9562596e-01
   1.2675219e+00
   2.1406766e+00
   3.0427094e+00
   3.8695986e+00
   4.4761336e+00
   4.7555672e+00
   4.6617431e+00
   4.2091003e+00
   3.4691603e+00
   2.5464915e+00
   1.5648350e+00
   6.2569660e-01
  -1.9630716e-01
  -8.5344757e-01
  -1.3237904e+00
  -1.6109125e+00
  -1.7320880e+00
  -1.7137887e+00
  -1.5916841e+00
  -1.4095655e+00
  -1.2062431e+00
  -1.0114752e+00
  -8.4527204e-01
  -7.1734828e-01
  -6.2712339e-01
  -5.6710109e-01
  -5.2980418e-01
  -5.0769069e-01
  -4.9478096e-01
  -4.8666039e-01
  -4.8047949e-01
  -4.7495387e-01
  -4.6966688e-01
  -4.6395459e-01
  -4.5762372e-01
  -4.5048824e-01
  -4.4236432e-01
  -4.3307031e-01
  -4.2242676e-01
  -4.1025644e-01
  -3.9638427e-01
  -3.8065431e-01
  -3.6293779e-01
  -3.4295987e-01
  -3.2046484e-01
  -2.9523875e-01
  -2.6710943e-01
  -2.3594653e-01
  -2.0166144e-01
  -1.6420738e-01
  -1.2357934e-01
  -7.9814093e-02
  -3.2990210e-02
   1.6771957e-02
   6.9310268e-02
   1.2443774e-01
   1.8188365e-01
   2.4109847e-01
   3.0149150e-01
   3.6245644e-01
   4.2337136e-01
   4.8359871e-01
   5.4248536e-01
   5.9936251e-01
   6.5354579e-01
   7.0433518e-01
   7.5101506e-01
   7.9285419e-01
   8.2910571e-01
   8.5905347e-01
   8.8230576e-01
   8.9853465e-01
   9.0749277e-01
   9.0903467e-01
   9.0311675e-01
   8.8979730e-01
   8.6923649e-01
   8.4169636e-01
   8.0754084e-01
   7.6723573e-01
   7.2134872e-01
   6.7054936e-01
   6.1560909e-01
   5.5740125e-01
   4.9671769e-01
   4.3414918e-01
   3.7052078e-01
   3.0659627e-01
   2.4306953e-01
   1.8056457e-01
   1.1963551e-01
   6.0766606e-02
   4.3722256e-03
  -4.9203141e-02
  -9.9684883e-02
  -1.4686827e-01
  -1.9061844e-01
  -2.3087043e-01
  -2.6751769e-01
  -3.0037518e-01
  -3.2968324e-01
  -3.5569936e-01
  -3.7867111e-01
  -3.9883614e-01
  -4.1642217e-01
  -4.3164698e-01
  -4.4471842e-01
  -4.5583444e-01
  -4.6518303e-01
  -4.7294228e-01
  -4.7928033e-01
  -4.8435541e-01
  -4.8831580e-01
  -4.9129987e-01
  -4.9343606e-01
  -4.9484289e-01
  -4.9562893e-01
  -4.9589283e-01
  -4.9572333e-01
  -4.9519923e-01
  -4.9438940e-01
  -4.9335277e-01
  -4.9213837e-01
  -4.9078529e-01
  -4.8932269e-01
  -4.8776979e-01
  -4.8613592e-01
  -4.8444032e-01
  -4.8270495e-01
  -4.8093628e-01
  -4.7914034e-01
  -4.7732277e-01
  -4.7548874e-01
  -4.7364301e-01
  -4.7178992e-01
  -4.6993336e-01
  -4.6807682e-01
  -4.6622334e-01
  -4.6437554e-01
  -4.6253561e-01
  -4.6070532e-01
  -4.5888598e-01
  -4.5707853e-01
  -4.5528342e-01
  -4.5350072e-01
  -4.5173003e-01
  -4.4997057e-01
  -4.4822109e-01
  -4.4647993e-01
  -4.4474499e-01
  -4.4301377e-01
  -4.4128368e-01
  -4.3955618e-01
  -4.3783364e-01
  -4.3611776e-01
  -4.3440981e-01
  -4.3271068e-01
  -4.3102085e-01
  -4.2934036e-01
  -4.2766889e-01
  -4.2600570e-01
  -4.2434962e-01
  -4.2269910e-01
  -4.2105218e-01
  -4.1940649e-01
  -4.1775926e-01
  -4.1610731e-01
  -4.1444704e-01
  -4.1277448e-01
  -4.1107429e-01
  -4.0923944e-01
  -4.0730001e-01
  -4.0528521e-01
  -4.0317441e-01
  -4.0089716e-01
  -3.9833314e-01
  -3.9531221e-01
  -3.9161439e-01
  -3.8696984e-01
  -3.8105890e-01
  -3.7351207e-01
  -3.6391000e-01
  -3.5178349e-01
  -3.3661369e-01
  -3.1800555e-01
  -2.9535206e-01
  -2.6802142e-01
  -2.3565663e-01
  -1.9817544e-01
  -1.5577039e-01
  -1.0890881e-01
  -5.8332796e-02
  -5.0592295e-03
   4.9655675e-02
   1.0448949e-01
   1.5706865e-01
   2.0506036e-01
   2.4647277e-01
   2.7965490e-01
   3.0329671e-01
   3.1642905e-01
   3.1842369e-01
   3.0899329e-01
   2.8810973e-01
   2.5654449e-01
   2.1645328e-01
   1.6995504e-01
   1.1902858e-01
   6.5512540e-02
   1.1105432e-02
  -4.2634379e-02
  -9.4288674e-02
  -1.4257937e-01
  -1.8636855e-01
  -2.2475165e-01
  -2.5768696e-01
  -2.8546673e-01
  -3.0842871e-01
  -3.2696491e-01
  -3.4152161e-01
  -3.5259940e-01
  -3.6075312e-01
  -3.6659190e-01
  -3.7077913e-01
  -3.7100171e-01
  -3.6233865e-01
  -3.5513539e-01
  -3.5853032e-01
  -3.7910665e-01
  -4.2089242e-01
  -4.8536048e-01
  -5.7142851e-01
  -6.7545901e-01
  -7.9125929e-01
  -9.1008151e-01
  -1.0206226e+00
  -1.1089006e+00
  -1.1467626e+00
  -1.0893992e+00
  -9.0199163e-01
  -5.6250282e-01
  -6.1677058e-02
   5.9695987e-01
   1.3971007e+00
   2.2997552e+00
   3.2017020e+00
   3.9879072e+00
   4.5544982e+00
   4.8087729e+00
   4.6902240e+00
   4.2301534e+00
   3.4960648e+00
   2.5774086e+00
   1.5856228e+00
   6.3309971e-01
  -2.1589249e-01
  -9.1394382e-01
  -1.4360628e+00
  -1.7788401e+00
  -1.9523103e+00
  -1.9842861e+00
  -1.9064253e+00
  -1.7515258e+00
  -1.5535249e+00
  -1.3474998e+00
  -1.1629225e+00
  -1.0094105e+00
  -8.9022623e-01
  -8.0489435e-01
  -7.4920161e-01
  -7.1519691e-01
  -6.9340022e-01
  -6.7969600e-01
  -6.7088024e-01
  -6.6447025e-01
  -6.5874440e-01
  -6.5274207e-01
  -6.4626368e-01
  -6.3937841e-01
  -6.3172287e-01
  -6.2315475e-01
  -6.1352718e-01
  -6.0268694e-01
  -5.9047441e-01
  -5.7672359e-01
  -5.6126210e-01
  -5.4391120e-01
  -5.2448946e-01
  -5.0290656e-01
  -4.7895493e-01
  -4.5239803e-01
  -4.2304633e-01
  -3.9075731e-01
  -3.5543544e-01
  -3.1703221e-01
  -2.7554611e-01
  -2.3102263e-01
  -1.8355427e-01
  -1.3328056e-01
  -8.0387990e-02
  -2.5110094e-02
   3.2272607e-02
   9.1444307e-02
   1.5213571e-01
   2.1373748e-01
   2.7555957e-01
   3.3692632e-01
   3.9717650e-01
   4.5566328e-01
   5.1175427e-01
   5.6483146e-01
   6.1429130e-01
   6.5954462e-01
   7.0001668e-01
   7.3514716e-01
   7.6439014e-01
   7.8721413e-01
   8.0310956e-01
   8.1179667e-01
   8.1326771e-01
   8.0758864e-01
   7.9488989e-01
   7.7536636e-01
   7.4927743e-01
   7.1694691e-01
   6.7876311e-01
   6.3517879e-01
   5.8671117e-01
   5.3394195e-01
   4.7751728e-01
   4.1814779e-01
   3.5660856e-01
   2.9373916e-01
   2.3038905e-01
   1.6702370e-01
   1.0421022e-01
   4.2512870e-02
  -1.7566399e-02
  -7.5587941e-02
  -1.3117440e-01
  -1.8401074e-01
  -2.3384419e-01
  -2.8048432e-01
  -3.2380297e-01
  -3.6373428e-01
  -4.0027472e-01
  -4.3348302e-01
  -4.6347872e-01
  -4.9029563e-01
  -5.1405748e-01
  -5.3498531e-01
  -5.5329236e-01
  -5.6918411e-01
  -5.8285823e-01
  -5.9450463e-01
  -6.0430541e-01
  -6.1243489e-01
  -6.1905962e-01
  -6.2433835e-01
  -6.2842206e-01
  -6.3145392e-01
  -6.3356934e-01
  -6.3489593e-01
  -6.3555353e-01
  -6.3565417e-01
  -6.3530212e-01
  -6.3459250e-01
  -6.3358595e-01
  -6.3231942e-01
  -6.3082722e-01
  -6.2914137e-01
  -6.2729156e-01
  -6.2530518e-01
  -6.2320728e-01
  -6.2102062e-01
  -6.1876564e-01
  -6.1646047e-01
  -6.1412092e-01
  -6.1176048e-01
  -6.0939034e-01
  -6.0701937e-01
  -6.0465412e-01
  -6.0229885e-01
  -5.9995547e-01
  -5.9762361e-01
  -5.9530057e-01
  -5.9298133e-01
  -5.9066582e-01
  -5.8835919e-01
  -5.8606146e-01
  -5.8377266e-01
  -5.8149278e-01
  -5.7922183e-01
  -5.7695979e-01
  -5.7470666e-01
  -5.7246241e-01
  -5.7022703e-01
  -5.6800048e-01
  -5.6578272e-01
  -5.6357371e-01
  -5.6137340e-01
  -5.5918175e-01
  -5.5699867e-01
