  -2.1023153e-01
  -2.0979401e-01
  -2.0930275e-01
  -2.0877521e-01
  -2.0822592e-01
  -2.0766648e-01
  -2.0710553e-01
  -2.0654877e-01
  -2.0599898e-01
  -2.0545387e-01
  -2.0491087e-01
  -2.0436998e-01
  -2.0383120e-01
  -2.0329451e-01
  -2.0275993e-01
  -2.0222743e-01
  -2.0169701e-01
  -2.0116868e-01
  -2.0064241e-01
  -2.0011820e-01
  -1.9959604e-01
  -1.9907593e-01
  -1.9855785e-01
  -1.9804179e-01
  -1.9752775e-01
  -1.9701572e-01
  -1.9650567e-01
  -1.9599761e-01
  -1.9549151e-01
  -1.9498738e-01
  -1.9448518e-01
  -1.9398491e-01
  -1.9348656e-01
  -1.9299011e-01
  -1.9249543e-01
  -1.9199995e-01
  -1.9150524e-01
  -1.9101354e-01
  -1.9052568e-01
  -1.9004102e-01
  -1.8955751e-01
  -1.8907165e-01
  -1.8857850e-01
  -1.8807167e-01
  -1.8754337e-01
  -1.8698433e-01
  -1.8637444e-01
  -1.8564672e-01
  -1.8480605e-01
  -1.8383336e-01
  -1.8266519e-01
  -1.8119364e-01
  -1.7926640e-01
  -1.7668675e-01
  -1.7321356e-01
  -1.6856127e-01
  -1.6239992e-01
  -1.5435513e-01
  -1.4412992e-01
  -1.3142479e-01
  -1.1536289e-01
  -9.5230097e-02
  -7.0524822e-02
  -4.0958029e-02
  -6.4532240e-03
   3.2853545e-02
   7.6613683e-02
   1.2426605e-01
   1.7503697e-01
   2.2794022e-01
   2.8193259e-01
   3.3575481e-01
   3.8681438e-01
   4.3276286e-01
   4.7164734e-01
   5.0191039e-01
   5.2239009e-01
   5.3232004e-01
   5.3132932e-01
   5.1944253e-01
   4.9707975e-01
   4.6505659e-01
   4.2458416e-01
   3.7703801e-01
   3.2441157e-01
   2.6893697e-01
   2.1257373e-01
   1.5700878e-01
   1.0365641e-01
   5.3658326e-02
   7.8835940e-03
  -3.3071314e-02
  -6.8882542e-02
  -9.9498848e-02
  -1.2514160e-01
  -1.4630474e-01
  -1.6358972e-01
  -1.7729585e-01
  -1.8777374e-01
  -1.9552211e-01
  -2.0118783e-01
  -2.0556587e-01
  -2.0959933e-01
  -2.1437947e-01
  -2.2113066e-01
  -2.2832245e-01
  -2.4262240e-01
  -2.7340551e-01
  -3.2636609e-01
  -4.0351775e-01
  -5.0319341e-01
  -6.2004531e-01
  -7.4504497e-01
  -8.6548453e-01
  -9.6680632e-01
  -1.0123521e+00
  -9.6196820e-01
  -7.8601042e-01
  -4.6534424e-01
   8.6553127e-03
   6.3410359e-01
   1.3986064e+00
   2.2813934e+00
   3.2180640e+00
   4.0677459e+00
   4.7137190e+00
   5.0735450e+00
   5.0990680e+00
   4.7764144e+00
   4.1281983e+00
   3.2493898e+00
   2.2694054e+00
   1.2954364e+00
   4.1052321e-01
  -3.2644432e-01
  -8.8072720e-01
  -1.2417371e+00
  -1.4230367e+00
  -1.4578245e+00
  -1.3724774e+00
  -1.2119468e+00
  -1.0168810e+00
  -8.1890885e-01
  -6.4064028e-01
  -4.9566581e-01
  -3.8855677e-01
  -3.1519084e-01
  -2.6821458e-01
  -2.4010910e-01
  -2.2433437e-01
  -2.1572500e-01
  -2.1049023e-01
  -2.0621397e-01
  -2.0185476e-01
  -1.9760450e-01
  -1.9299380e-01
  -1.8765522e-01
  -1.8142613e-01
  -1.7414079e-01
  -1.6563043e-01
  -1.5572316e-01
  -1.4424406e-01
  -1.3102800e-01
  -1.1597842e-01
  -9.8832040e-02
  -7.9320989e-02
  -5.7216672e-02
  -3.2329785e-02
  -4.5103132e-03
   2.6352469e-02
   6.0329999e-02
   9.7454426e-02
   1.3771861e-01
   1.8107612e-01
   2.2744125e-01
   2.7668897e-01
   3.2865501e-01
   3.8323549e-01
   4.4027789e-01
   4.9909251e-01
   5.5897162e-01
   6.1922028e-01
   6.7915638e-01
   7.3811057e-01
   7.9542633e-01
   8.5045994e-01
   9.0258046e-01
   9.5116977e-01
   9.9562255e-01
   1.0353463e+00
   1.0697612e+00
   1.0983005e+00
   1.1204099e+00
   1.1355482e+00
   1.1431863e+00
   1.1429106e+00
   1.1348793e+00
   1.1194329e+00
   1.0969458e+00
   1.0678268e+00
   1.0325187e+00
   9.9149852e-01
   9.4527726e-01
   8.9440019e-01
   8.3944667e-01
   7.8103020e-01
   7.1979841e-01
   6.5643306e-01
   5.9165007e-01
   5.2619945e-01
   4.6086539e-01
   3.9646617e-01
   3.3385339e-01
   2.7353142e-01
   2.1568481e-01
   1.6059287e-01
   1.0848904e-01
   5.9560840e-02
   1.3949872e-02
  -2.8248156e-02
  -6.6983444e-02
  -1.0225210e-01
  -1.3409613e-01
  -1.6260345e-01
  -1.8790790e-01
  -2.1018919e-01
  -2.2967297e-01
  -2.4663077e-01
  -2.6137477e-01
  -2.7406005e-01
  -2.8484079e-01
  -2.9392318e-01
  -3.0150022e-01
  -3.0775164e-01
  -3.1284397e-01
  -3.1693049e-01
  -3.2015124e-01
  -3.2263305e-01
  -3.2448950e-01
  -3.2582095e-01
  -3.2671452e-01
  -3.2724411e-01
  -3.2747037e-01
  -3.2744188e-01
  -3.2722425e-01
  -3.2685534e-01
  -3.2635599e-01
  -3.2574556e-01
  -3.2504196e-01
  -3.2426159e-01
  -3.2341941e-01
  -3.2252890e-01
  -3.2160206e-01
  -3.2064941e-01
  -3.1968003e-01
  -3.1870149e-01
  -3.1771990e-01
  -3.1673992e-01
  -3.1576472e-01
  -3.1479597e-01
  -3.1383393e-01
  -3.1287732e-01
  -3.1192344e-01
  -3.1096819e-01
  -3.1001250e-01
  -3.0905900e-01
  -3.0810829e-01
  -3.0716090e-01
  -3.0621728e-01
  -3.0527781e-01
  -3.0434280e-01
  -3.0341248e-01
  -3.0248703e-01
  -3.0156652e-01
  -3.0065099e-01
  -2.9974038e-01
  -2.9883455e-01
  -2.9793332e-01
  -2.9703642e-01
  -2.9614349e-01
  -2.9525413e-01
  -2.9436784e-01
  -2.9348408e-01
  -2.9260219e-01
  -2.9172149e-01
  -2.9084119e-01
  -2.8996044e-01
  -2.8907832e-01
  -2.8819384e-01
  -2.8730593e-01
  -2.8640773e-01
  -2.8542993e-01
  -2.8440042e-01
  -2.8335271e-01
  -2.8228590e-01
  -2.8116466e-01
  -2.7991931e-01
  -2.7844573e-01
  -2.7660542e-01
  -2.7422547e-01
  -2.7109856e-01
  -2.6698300e-01
  -2.6160267e-01
  -2.5466157e-01
  -2.4618363e-01
  -2.3542625e-01
  -2.2144963e-01
  -2.0351388e-01
  -1.8107898e-01
  -1.5380481e-01
  -1.2155115e-01
  -8.4377638e-02
  -4.2543842e-02
   3.4907986e-03
   5.3066951e-02
   1.0532539e-01
   1.5920920e-01
   2.1367584e-01
   2.6643353e-01
   3.1489076e-01
   3.5686925e-01
   3.9060396e-01
   4.1474304e-01
   4.2834791e-01
   4.3089316e-01
   4.2226666e-01
   4.0276948e-01
   3.7311590e-01
   3.3438794e-01
   2.8789916e-01
   2.3601862e-01
   1.8106808e-01
   1.2508606e-01
   6.9827827e-02
   1.6765426e-02
  -3.2912347e-02
  -7.8299932e-02
  -1.1877501e-01
  -1.5399849e-01
  -1.8391454e-01
  -2.0875055e-01
  -2.2901714e-01
  -2.4546599e-01
  -2.5846938e-01
  -2.6823705e-01
  -2.7520937e-01
  -2.8006089e-01
  -2.8370028e-01
  -2.8727034e-01
  -2.9214804e-01
  -2.9994446e-01
  -3.1044800e-01
  -3.2706756e-01
  -3.6168602e-01
  -4.2142415e-01
  -5.0816667e-01
  -6.1856221e-01
  -7.4402336e-01
  -8.7072664e-01
  -9.7961251e-01
  -1.0531461e+00
  -1.0686006e+00
  -9.6865544e-01
  -7.1324799e-01
  -2.8310947e-01
   3.2023509e-01
   1.0744668e+00
   1.9364731e+00
   2.8423474e+00
   3.7073895e+00
   4.4255079e+00
   4.8768998e+00
   4.9806997e+00
   4.7136538e+00
   4.1102002e+00
   3.2618209e+00
   2.2906536e+00
   1.3151664e+00
   4.2881831e-01
  -3.0528235e-01
  -8.5437794e-01
  -1.2130040e+00
  -1.3924510e+00
  -1.4217100e+00
  -1.3347216e+00
  -1.1694702e+00
  -9.6798376e-01
  -7.7067807e-01
  -5.9783902e-01
  -4.5981625e-01
  -3.6019525e-01
  -2.9578853e-01
  -2.5674289e-01
  -2.3339213e-01
  -2.2037890e-01
  -2.1312305e-01
  -2.0839407e-01
  -2.0431102e-01
  -2.0029830e-01
  -1.9597212e-01
  -1.9099653e-01
  -1.8518223e-01
  -1.7834536e-01
  -1.7030759e-01
  -1.6089602e-01
  -1.4996364e-01
  -1.3743928e-01
  -1.2303167e-01
  -1.0644300e-01
  -8.7413336e-02
  -6.5720595e-02
  -4.1180552e-02
  -1.3646837e-02
   1.6989058e-02
   5.0797787e-02
   8.7812142e-02
   1.2802706e-01
   1.7139962e-01
   2.1784905e-01
   2.6725670e-01
   3.1946609e-01
   3.7435052e-01
   4.3155094e-01
   4.9039639e-01
   5.5021115e-01
   6.1031858e-01
   6.7004109e-01
   7.2870019e-01
   7.8561646e-01
   8.4010954e-01
   8.9149816e-01
   9.3910011e-01
   9.8223227e-01
   1.0202106e+00
   1.0523500e+00
   1.0779648e+00
   1.0963722e+00
   1.1071414e+00
   1.1102351e+00
   1.1057099e+00
   1.0936954e+00
   1.0743942e+00
   1.0480816e+00
   1.0151061e+00
   9.7588900e-01
   9.3092468e-01
   8.8078032e-01
   8.2609608e-01
   7.6758508e-01
   7.0603336e-01
   6.4229989e-01
   5.7731661e-01
   5.1208837e-01
   4.4736549e-01
   3.8357613e-01
   3.2129767e-01
   2.6103863e-01
   2.0323842e-01
   1.4826730e-01
   9.6426408e-02
   4.7947746e-02
   2.9941851e-03
  -3.8340539e-02
  -7.6031822e-02
  -1.1012419e-01
  -1.4073131e-01
  -1.6803598e-01
  -1.9228723e-01
  -2.1361261e-01
  -2.3218286e-01
  -2.4824957e-01
  -2.6205162e-01
  -2.7381512e-01
  -2.8375344e-01
  -2.9206721e-01
  -2.9894430e-01
  -3.0455985e-01
  -3.0907624e-01
  -3.1264311e-01
  -3.1539736e-01
  -3.1746313e-01
  -3.1895183e-01
  -3.1996209e-01
  -3.2057985e-01
  -3.2088459e-01
  -3.2094546e-01
  -3.2079680e-01
  -3.2046898e-01
  -3.1999003e-01
  -3.1938569e-01
  -3.1867936e-01
  -3.1789212e-01
  -3.1704273e-01
  -3.1614765e-01
  -3.1522100e-01
  -3.1427459e-01
  -3.1331791e-01
  -3.1235812e-01
  -3.1140009e-01
  -3.1044633e-01
  -3.0949705e-01
  -3.0855017e-01
  -3.0760519e-01
  -3.0666381e-01
  -3.0572604e-01
  -3.0479192e-01
  -3.0386145e-01
  -3.0293464e-01
  -3.0201149e-01
  -3.0109201e-01
  -3.0017619e-01
  -2.9926402e-01
  -2.9835548e-01
  -2.9745055e-01
  -2.9654921e-01
  -2.9565143e-01
  -2.9475718e-01
  -2.9386640e-01
  -2.9297907e-01
  -2.9209513e-01
  -2.9121452e-01
  -2.9033719e-01
  -2.8946308e-01
  -2.8859211e-01
  -2.8772422e-01
  -2.8685932e-01
  -2.8599344e-01
  -2.8511227e-01
  -2.8423025e-01
  -2.8335847e-01
  -2.8249960e-01
  -2.8164800e-01
  -2.8078964e-01
  -2.7990214e-01
  -2.7895474e-01
  -2.7790833e-01
  -2.7671543e-01
  -2.7532021e-01
  -2.7365942e-01
  -2.7168257e-01
  -2.6917647e-01
  -2.6583998e-01
  -2.6134253e-01
  -2.5532412e-01
  -2.4739528e-01
  -2.3713712e-01
  -2.2410129e-01
  -2.0781000e-01
  -1.8775601e-01
  -1.6340265e-01
  -1.3418379e-01
  -9.9578489e-02
  -5.9682759e-02
  -1.5054533e-02
   3.3525324e-02
   8.5054563e-02
   1.3830955e-01
   1.9184526e-01
   2.4399528e-01
   2.9287183e-01
   3.3636572e-01
   3.7214638e-01
   3.9796338e-01
   4.1287147e-01
   4.1634530e-01
   4.0827561e-01
   3.8899327e-01
   3.5926930e-01
   3.2031487e-01
   2.7378129e-01
   2.2176003e-01
   1.6677049e-01
   1.1093046e-01
   5.5939473e-02
   3.3812900e-03
  -4.5489902e-02
  -8.9749497e-02
  -1.2880247e-01
  -1.6238337e-01
  -1.9055633e-01
  -2.1371507e-01
  -2.3278128e-01
  -2.4816495e-01
  -2.5980899e-01
  -2.6798564e-01
  -2.7329853e-01
  -2.7668270e-01
  -2.7940461e-01
  -2.8306209e-01
  -2.8958442e-01
  -3.0123225e-01
  -3.2053740e-01
  -3.5186795e-01
  -4.0354923e-01
  -4.8010756e-01
  -5.8104405e-01
  -7.0083456e-01
  -8.2899449e-01
  -9.4490306e-01
  -1.0163253e+00
  -1.0114424e+00
  -8.9990975e-01
  -6.5285708e-01
  -2.4526448e-01
   3.3311919e-01
   1.0745078e+00
   1.9389878e+00
   2.8533764e+00
   3.7117489e+00
   4.3942540e+00
   4.7802624e+00
   4.7979758e+00
   4.4383501e+00
   3.7547003e+00
   2.8534486e+00
   1.8708467e+00
   9.2170458e-01
   9.0389330e-02
  -5.6911451e-01
  -1.0338026e+00
  -1.3079914e+00
  -1.4101753e+00
  -1.3712362e+00
  -1.2340328e+00
  -1.0439341e+00
  -8.4165703e-01
  -6.5702447e-01
  -5.0732160e-01
  -3.9760165e-01
  -3.2459287e-01
  -2.7913345e-01
  -2.5258772e-01
  -2.3795598e-01
  -2.2987448e-01
  -2.2461545e-01
  -2.2008708e-01
  -2.1581922e-01
  -2.1146878e-01
  -2.0645703e-01
  -2.0060073e-01
  -1.9371339e-01
  -1.8560523e-01
  -1.7608322e-01
  -1.6495104e-01
  -1.5200913e-01
  -1.3707060e-01
  -1.2002341e-01
  -1.0056904e-01
  -7.8415312e-02
  -5.3323263e-02
  -2.5107176e-02
   6.3654343e-03
   4.1173814e-02
   7.9343975e-02
   1.2084869e-01
   1.6560751e-01
   2.1348672e-01
   2.6429941e-01
   3.1780539e-01
   3.7372248e-01
   4.3189393e-01
   4.9165079e-01
   5.5215217e-01
   6.1258050e-01
   6.7214147e-01
   7.3006411e-01
   7.8560072e-01
   8.3802689e-01
   8.8664153e-01
   9.3076684e-01
   9.6974831e-01
   1.0029547e+00
   1.0297782e+00
   1.0496340e+00
   1.0619610e+00
   1.0662108e+00
   1.0621625e+00
   1.0501368e+00
   1.0305275e+00
   1.0037693e+00
   9.7033784e-01
   9.3074983e-01
   8.8556281e-01
   8.3537533e-01
   7.8082689e-01
   7.2259795e-01
   6.6140993e-01
   5.9802521e-01
   5.3324713e-01
   4.6791998e-01
   4.0292901e-01
   3.3920045e-01
   2.7761206e-01
   2.1845116e-01
   1.6201885e-01
   1.0860603e-01
   5.8448934e-02
   1.1729033e-02
  -3.1426896e-02
  -7.0946795e-02
  -1.0681333e-01
  -1.3906387e-01
  -1.6779053e-01
  -1.9314011e-01
  -2.1531413e-01
  -2.3456886e-01
  -2.5121525e-01
  -2.6557467e-01
  -2.7777337e-01
  -2.8802813e-01
  -2.9656315e-01
  -3.0358716e-01
  -3.0929341e-01
  -3.1385966e-01
  -3.1744821e-01
  -3.2020586e-01
  -3.2226395e-01
  -3.2373835e-01
  -3.2472941e-01
  -3.2532206e-01
  -3.2558571e-01
  -3.2557824e-01
  -3.2537374e-01
  -3.2500734e-01
  -3.2450280e-01
  -3.2388205e-01
  -3.2316525e-01
  -3.2237072e-01
  -3.2151503e-01
  -3.2061292e-01
  -3.1967734e-01
  -3.1871946e-01
  -3.1774862e-01
  -3.1677239e-01
  -3.1579653e-01
  -3.1482501e-01
  -3.1385999e-01
  -3.1290183e-01
  -3.1194912e-01
  -3.1099862e-01
  -3.1004591e-01
  -3.0909366e-01
  -3.0814392e-01
  -3.0719722e-01
  -3.0625403e-01
  -3.0531476e-01
  -3.0437972e-01
  -3.0344918e-01
  -3.0252330e-01
  -3.0160221e-01
  -3.0068594e-01
  -2.9977445e-01
  -2.9886763e-01
  -2.9796531e-01
  -2.9706724e-01
  -2.9617308e-01
  -2.9528245e-01
  -2.9439487e-01
  -2.9350981e-01
  -2.9262665e-01
  -2.9174471e-01
  -2.9086323e-01
  -2.8998139e-01
  -2.8909827e-01
  -2.8821291e-01
  -2.8732426e-01
  -2.8638307e-01
  -2.8537871e-01
  -2.8435568e-01
  -2.8332143e-01
  -2.8224623e-01
  -2.8106320e-01
  -2.7966828e-01
  -2.7792025e-01
  -2.7564071e-01
  -2.7261413e-01
  -2.6858776e-01
  -2.6327173e-01
  -2.5648775e-01
  -2.4800712e-01
  -2.3679623e-01
  -2.2196355e-01
  -2.0282266e-01
  -1.7889230e-01
  -1.4989632e-01
  -1.1576373e-01
  -7.6628637e-02
  -3.2830313e-02
   1.5086854e-02
   6.6373340e-02
   1.2014056e-01
   1.7539408e-01
   2.2924186e-01
   2.7881656e-01
   3.2171792e-01
   3.5601274e-01
   3.8023493e-01
   3.9338545e-01
   3.9493233e-01
   3.8481071e-01
   3.6342279e-01
   3.3163783e-01
   2.9078101e-01
   2.4250822e-01
   1.8935834e-01
   1.3383127e-01
   7.8086063e-02
   2.3940927e-02
  -2.7126799e-02
  -7.3980626e-02
  -1.1582492e-01
  -1.5220490e-01
  -1.8300664e-01
  -2.0845708e-01
  -2.2913140e-01
  -2.4572321e-01
  -2.5848722e-01
  -2.6780470e-01
  -2.7428718e-01
  -2.7877643e-01
  -2.8234447e-01
  -2.8629357e-01
  -2.9215628e-01
  -3.0124465e-01
  -3.1190410e-01
  -3.3620697e-01
  -3.8490341e-01
  -4.6249295e-01
  -5.6722445e-01
  -6.9109611e-01
  -8.1985549e-01
  -9.3299949e-01
  -1.0045046e+00
  -1.0126577e+00
  -9.0541366e-01
  -6.3907351e-01
  -1.9318211e-01
   4.2947189e-01
   1.2028560e+00
   2.0776941e+00
   2.9814659e+00
   3.8099494e+00
   4.4176537e+00
   4.6976260e+00
   4.6036210e+00
   4.1501055e+00
   3.4087390e+00
   2.4842914e+00
   1.5007423e+00
   5.5979330e-01
  -2.6379523e-01
  -9.2220257e-01
  -1.3934522e+00
  -1.6811278e+00
  -1.8025369e+00
  -1.7842024e+00
  -1.6618623e+00
  -1.4793926e+00
  -1.2756782e+00
  -1.0805349e+00
  -9.1401127e-01
  -7.8584088e-01
  -6.9544204e-01
  -6.3530403e-01
  -5.9793521e-01
  -5.7577909e-01
  -5.6284447e-01
  -5.5470824e-01
  -5.4851542e-01
  -5.4297915e-01
  -5.3768197e-01
  -5.3195867e-01
  -5.2561559e-01
  -5.1846636e-01
  -5.1032677e-01
  -5.0101484e-01
  -4.9035078e-01
  -4.7815699e-01
  -4.6425808e-01
  -4.4849779e-01
  -4.3074711e-01
  -4.1073068e-01
  -3.8819228e-01
  -3.6291755e-01
  -3.3473401e-01
  -3.0351102e-01
  -2.6915983e-01
  -2.3163356e-01
  -1.9092719e-01
  -1.4707757e-01
  -1.0016342e-01
  -5.0305311e-02
   2.3342907e-03
   5.7568044e-02
   1.1512471e-01
   1.7445369e-01
   2.3496316e-01
   2.9604563e-01
   3.5707799e-01
   4.1742146e-01
   4.7642163e-01
   5.3340844e-01
   5.8769618e-01
   6.3858349e-01
   6.8535336e-01
   7.2727316e-01
   7.6359457e-01
   7.9360007e-01
   8.1689719e-01
   8.3315736e-01
   8.4213275e-01
   8.4367762e-01
   8.3774829e-01
   8.2440317e-01
   8.0380271e-01
   7.7620949e-01
   7.4198812e-01
   7.0160531e-01
   6.5562983e-01
   6.0473253e-01
   5.4968635e-01
   4.9136628e-01
   4.3056573e-01
   3.6787659e-01
   3.0412552e-01
   2.4007777e-01
   1.7642855e-01
   1.1380308e-01
   5.2756557e-02
  -6.2258424e-03
  -6.2728948e-02
  -1.1640760e-01
  -1.6698667e-01
  -2.1426102e-01
  -2.5809555e-01
  -2.9842514e-01
  -3.3514305e-01
  -3.6806389e-01
  -3.9742845e-01
  -4.2349473e-01
  -4.4651077e-01
  -4.6671468e-01
  -4.8433461e-01
  -4.9958876e-01
  -5.1268541e-01
  -5.2382286e-01
  -5.3318948e-01
  -5.4096369e-01
  -5.4731396e-01
  -5.5239881e-01
  -5.5636684e-01
  -5.5935667e-01
  -5.6149698e-01
  -5.6290651e-01
  -5.6369407e-01
  -5.6395848e-01
  -5.6378866e-01
  -5.6326355e-01
  -5.6245215e-01
  -5.6141353e-01
  -5.6019679e-01
  -5.5884110e-01
  -5.5737567e-01
  -5.5581978e-01
  -5.5418276e-01
  -5.5248389e-01
  -5.5074517e-01
  -5.4897309e-01
  -5.4717370e-01
  -5.4535262e-01
  -5.4351505e-01
  -5.4166576e-01
  -5.3980910e-01
  -5.3794897e-01
  -5.3608885e-01
  -5.3423179e-01
  -5.3238043e-01
  -5.3053695e-01
  -5.2870313e-01
  -5.2688029e-01
  -5.2506935e-01
  -5.2327078e-01
  -5.2148464e-01
  -5.1971054e-01
  -5.1794769e-01
  -5.1619483e-01
  -5.1445031e-01
  -5.1271204e-01
  -5.1097748e-01
  -5.0924405e-01
  -5.0751321e-01
  -5.0578736e-01
  -5.0406816e-01
  -5.0235693e-01
  -5.0065453e-01
  -4.9896143e-01
  -4.9727771e-01
  -4.9560301e-01
  -4.9393661e-01
  -4.9227734e-01
  -4.9062364e-01
  -4.8897355e-01
  -4.8732469e-01
  -4.8567428e-01
  -4.8401914e-01
  -4.8235567e-01
  -4.8067988e-01
  -4.7897641e-01
  -4.7713803e-01
  -4.7519486e-01
  -4.7317618e-01
  -4.7106131e-01
  -4.6877966e-01
  -4.6621070e-01
  -4.6318395e-01
  -4.5947899e-01
  -4.5482549e-01
  -4.4890316e-01
  -4.4134178e-01
  -4.3172120e-01
  -4.1957131e-01
  -4.0437226e-01
  -3.8572825e-01
  -3.6303108e-01
  -3.3564775e-01
  -3.0322056e-01
  -2.6566711e-01
  -2.2318031e-01
  -1.7622838e-01
  -1.2555486e-01
  -7.2178586e-02
  -1.7358195e-02
   3.7581338e-02
   9.0261862e-02
   1.3834610e-01
   1.7983835e-01
   2.1308446e-01
   2.3677185e-01
   2.4992950e-01
   2.5192798e-01
   2.4247940e-01
   2.2155558e-01
   1.8992948e-01
   1.4976098e-01
   1.0317310e-01
   5.2148457e-02
  -1.4707590e-03
  -5.5982760e-02
  -1.0982618e-01
  -1.6158006e-01
  -2.0996386e-01
  -2.5383746e-01
  -2.9229456e-01
  -3.2529337e-01
  -3.5312670e-01
  -3.7613294e-01
  -3.9470488e-01
  -4.0928965e-01
  -4.2038879e-01
  -4.2855823e-01
  -4.3440827e-01
  -4.3860357e-01
  -4.3882658e-01
  -4.3014682e-01
  -4.2292967e-01
  -4.2633114e-01
  -4.4694715e-01
  -4.8881348e-01
  -5.5340583e-01
  -6.3963979e-01
  -7.4387085e-01
  -8.5989439e-01
  -9.7894569e-01
  -1.0896999e+00
  -1.1781481e+00
  -1.2160831e+00
  -1.1586091e+00
  -9.7084021e-01
  -6.3069689e-01
  -1.2890557e-01
   5.3100117e-01
   1.3326846e+00
   2.2370794e+00
   3.1407651e+00
   3.9284860e+00
   4.4961694e+00
   4.7509343e+00
   4.6321569e+00
   4.1711993e+00
   3.4356954e+00
   2.5152681e+00
   1.5215702e+00
   5.6721068e-01
  -2.8341832e-01
  -9.8281545e-01
  -1.5059411e+00
  -1.8493792e+00
  -2.0231838e+00
  -2.0552212e+00
  -1.9772104e+00
  -1.8220122e+00
  -1.6236296e+00
  -1.4172072e+00
  -1.2322742e+00
  -1.0784662e+00
  -9.5905213e-01
  -8.7355573e-01
  -8.1775562e-01
  -7.8368536e-01
  -7.6184666e-01
  -7.4811602e-01
  -7.3928325e-01
  -7.3286091e-01
  -7.2712401e-01
  -7.2111011e-01
  -7.1461924e-01
  -7.0772069e-01
  -7.0005039e-01
  -6.9146575e-01
  -6.8181963e-01
  -6.7095849e-01
  -6.5872241e-01
  -6.4494507e-01
  -6.2945378e-01
  -6.1206943e-01
  -5.9261025e-01
  -5.7098573e-01
  -5.4698792e-01
  -5.2037983e-01
  -4.9097154e-01
  -4.5862027e-01
  -4.2323030e-01
  -3.8475303e-01
  -3.4318694e-01
  -2.9857762e-01
  -2.5101776e-01
  -2.0064712e-01
  -1.4765258e-01
  -9.2268107e-02
  -3.4774777e-02
   2.4511003e-02
   8.5319411e-02
   1.4703995e-01
   2.0898123e-01
   2.7046629e-01
   3.3083263e-01
   3.8943217e-01
   4.4563129e-01
   4.9881082e-01
   5.4836601e-01
   5.9370658e-01
   6.3425667e-01
   6.6945487e-01
   6.9875423e-01
   7.2162223e-01
   7.3754830e-01
   7.4625216e-01
   7.4772603e-01
   7.4203601e-01
   7.2931278e-01
   7.0975162e-01
   6.8361238e-01
   6.5121954e-01
   6.1296212e-01
   5.6929377e-01
   5.2073271e-01
   4.6786175e-01
   4.1132830e-01
   3.5184435e-01
   2.9018648e-01
   2.2719587e-01
   1.6372363e-01
   1.0023610e-01
   3.7301526e-02
  -2.4514770e-02
  -8.4709869e-02
  -1.4284327e-01
  -1.9853690e-01
  -2.5147510e-01
  -3.0140463e-01
  -3.4813468e-01
  -3.9153684e-01
  -4.3154514e-01
  -4.6815602e-01
  -5.0142835e-01
  -5.3148188e-01
  -5.5835049e-01
  -5.8215815e-01
  -6.0312633e-01
  -6.2146868e-01
  -6.3739106e-01
  -6.5109155e-01
  -6.6276040e-01
  -6.7258007e-01
  -6.8072522e-01
  -6.8736273e-01
  -6.9265164e-01
  -6.9674322e-01
  -6.9978092e-01
  -7.0190042e-01
  -7.0322957e-01
  -7.0388844e-01
  -7.0398928e-01
  -7.0363655e-01
  -7.0292556e-01
  -7.0191707e-01
  -7.0064809e-01
  -6.9915302e-01
  -6.9746392e-01
  -6.9561054e-01
  -6.9362033e-01
  -6.9151838e-01
  -6.8932751e-01
  -6.8706819e-01
  -6.8475857e-01
  -6.8241450e-01
  -6.8004951e-01
  -6.7767480e-01
  -6.7529926e-01
  -6.7292946e-01
  -6.7056964e-01
  -6.6822175e-01
  -6.6588539e-01
  -6.6355787e-01
  -6.6123416e-01
  -6.5891418e-01
  -6.5660311e-01
  -6.5430095e-01
  -6.5200774e-01
  -6.4972346e-01
  -6.4744813e-01
  -6.4518173e-01
  -6.4292426e-01
  -6.4067568e-01
  -6.3843599e-01
  -6.3620515e-01
  -6.3398311e-01
  -6.3176985e-01
  -6.2956530e-01
  -6.2736941e-01
  -6.2518213e-01
  -6.2461328e-01
  -6.2150438e-01
  -6.1829732e-01
  -6.1491046e-01
  -6.1122527e-01
  -6.0708633e-01
  -6.0230129e-01
  -5.9664093e-01
  -5.8983911e-01
  -5.8159278e-01
  -5.7156201e-01
  -5.5936996e-01
  -5.4462055e-01
  -5.2709665e-01
  -5.0614195e-01
  -4.8111919e-01
  -4.5160105e-01
  -4.1737013e-01
  -3.7841897e-01
  -3.3495003e-01
  -2.8737569e-01
  -2.3631827e-01
  -1.8261002e-01
  -1.2729311e-01
  -7.1586999e-02
  -1.6573024e-02
   3.5648681e-02
   8.2953049e-02
   1.2355935e-01
   1.5603120e-01
   1.7927652e-01
   1.9254761e-01
   1.9544107e-01
   1.8789786e-01
   1.7020326e-01
   1.4298690e-01
   1.0720155e-01
   6.3952260e-02
   1.5199589e-02
  -3.7052616e-02
  -9.1013729e-02
  -1.4510635e-01
  -1.9796631e-01
  -2.4844265e-01
  -2.9559764e-01
  -3.3870678e-01
  -3.7725879e-01
  -4.1095562e-01
  -4.3998262e-01
  -4.6535810e-01
  -4.8673679e-01
  -5.0383632e-01
  -5.1662382e-01
  -5.2531602e-01
  -5.3037916e-01
  -5.3252906e-01
  -5.3273106e-01
  -5.3220007e-01
  -5.3240053e-01
  -5.3504645e-01
  -5.4210137e-01
  -5.5577840e-01
  -5.7854017e-01
  -6.1310061e-01
  -6.6398667e-01
  -7.3718534e-01
  -8.3399420e-01
  -9.5027111e-01
  -1.0764342e+00
  -1.1974619e+00
  -1.2938404e+00
  -1.3380796e+00
  -1.3012237e+00
  -1.1582367e+00
  -8.8801015e-01
  -4.7336333e-01
   9.8361870e-02
   8.2024028e-01
   1.6580105e+00
   2.5586749e+00
   3.4508711e+00
   4.2448720e+00
   4.8326678e+00
   5.1169322e+00
   5.0693209e+00
   4.6988895e+00
   4.0455337e+00
   3.1799902e+00
   2.2038362e+00
   1.2240124e+00
   3.0394555e-01
  -5.0518609e-01
  -1.1682132e+00
  -1.6660081e+00
  -1.9954849e+00
  -2.1695992e+00
  -2.2082954e+00
  -2.1385570e+00
  -1.9952750e+00
  -1.8089805e+00
  -1.6058232e+00
  -1.4075714e+00
  -1.2316119e+00
  -1.0902757e+00
  -9.8387035e-01
  -9.0635799e-01
  -8.5202994e-01
  -8.1562659e-01
  -7.9233743e-01
  -7.7780108e-01
  -7.6810525e-01
  -7.6019166e-01
  -7.5317053e-01
  -7.4657197e-01
  -7.3998109e-01
  -7.3305007e-01
  -7.2549812e-01
  -7.1711151e-01
  -7.0774356e-01
  -6.9731463e-01
  -6.8581044e-01
  -6.7316273e-01
  -6.5916393e-01
  -6.4361078e-01
  -6.2631562e-01
  -6.0710648e-01
  -5.8582701e-01
  -5.6233653e-01
  -5.3651000e-01
  -5.0823803e-01
  -4.7742690e-01
  -4.4399850e-01
  -4.0789041e-01
  -3.6905584e-01
  -3.2746364e-01
  -2.8309833e-01
  -2.3596008e-01
  -1.8609350e-01
  -1.3367698e-01
  -7.8939180e-02
  -2.2144587e-02
   3.6405996e-02
   9.6375464e-02
   1.5739042e-01
   2.1904114e-01
   2.8088164e-01
   3.4242960e-01
   4.0316641e-01
   4.6253715e-01
   5.1995062e-01
   5.7477931e-01
   6.2637234e-01
   6.7428676e-01
   7.1797182e-01
   7.5685994e-01
   7.9045981e-01
   8.1835645e-01
   8.4021115e-01
   8.5576148e-01
   8.6482131e-01
   8.6728082e-01
   8.6310646e-01
   8.5234097e-01
   8.3510340e-01
   8.1158908e-01
   7.8206962e-01
   7.4678191e-01
   7.0596077e-01
   6.6026548e-01
   6.1035451e-01
   5.5686370e-01
   5.0040626e-01
   4.4157277e-01
   3.8093116e-01
   3.1902675e-01
   2.5638221e-01
   1.9349759e-01
   1.3085028e-01
   6.8895074e-02
   8.0641054e-03
  -5.1233115e-02
  -1.0860971e-01
  -1.6370144e-01
  -2.1616669e-01
  -2.6569370e-01
  -3.1213629e-01
  -3.5548680e-01
  -3.9575502e-01
  -4.3296559e-01
  -4.6715799e-01
  -4.9838658e-01
  -5.2672056e-01
  -5.5224401e-01
  -5.7505582e-01
  -5.9526979e-01
  -6.1301455e-01
  -6.2843357e-01
  -6.4168522e-01
  -6.5294269e-01
  -6.6239403e-01
  -6.7024217e-01
  -6.7670487e-01
  -6.8196497e-01
  -6.8609540e-01
  -6.8921446e-01
  -6.9143583e-01
  -6.9286587e-01
  -6.9360362e-01
  -6.9374077e-01
  -6.9336170e-01
  -6.9254347e-01
  -6.9135578e-01
  -6.8986103e-01
  -6.8811427e-01
  -6.8616325e-01
  -6.8404837e-01
  -6.8180271e-01
  -6.7945201e-01
  -6.7701469e-01
  -6.7450186e-01
  -6.7191727e-01
  -6.6927110e-01
  -6.6659525e-01
  -6.6389520e-01
  -6.6117482e-01
  -6.5843778e-01
  -6.5568755e-01
  -6.5292740e-01
  -6.5016040e-01
  -6.4738939e-01
  -6.4461703e-01
  -6.4184578e-01
  -6.3907788e-01
  -6.3631538e-01
  -6.3356011e-01
  -6.3081372e-01
  -6.2807763e-01
  -6.2535308e-01
  -6.2264109e-01
  -6.1994248e-01
  -6.1725787e-01
  -6.1458768e-01
  -6.1193211e-01
  -6.0929118e-01
  -6.0666469e-01
  -6.0405224e-01
  -6.0145323e-01
  -5.9886684e-01
  -5.9629207e-01
  -5.9372771e-01
  -5.9117233e-01
  -5.8862432e-01
  -5.8608182e-01
  -5.8354097e-01
  -5.8100372e-01
  -5.7847440e-01
  -5.7595642e-01
  -5.7345233e-01
  -5.7096373e-01
  -5.6849136e-01
  -5.6603501e-01
  -5.6359360e-01
  -5.6116514e-01
  -5.5874672e-01
  -5.5633454e-01
  -5.5392390e-01
  -5.5150917e-01
  -5.4908385e-01
  -5.4664051e-01
  -5.4417083e-01
  -5.4166559e-01
  -5.3911463e-01
  -5.3653253e-01
  -5.3397261e-01
  -5.3132704e-01
  -5.2845623e-01
  -5.2520338e-01
  -5.2139445e-01
  -5.1683824e-01
  -5.1132630e-01
  -5.0463301e-01
  -4.9651552e-01
  -4.8671379e-01
  -4.7495056e-01
  -4.6093137e-01
  -4.4434455e-01
  -4.2486124e-01
  -4.0213534e-01
  -3.7580357e-01
  -3.4548545e-01
  -3.1078326e-01
  -2.7128478e-01
  -2.2722249e-01
  -1.7927590e-01
  -1.2804868e-01
  -7.4361419e-02
  -1.9251614e-02
   3.6026329e-02
   9.0023591e-02
   1.4124438e-01
   1.8801301e-01
   2.2879482e-01
   2.6225646e-01
   2.8726592e-01
   3.0289252e-01
   3.0838032e-01
   3.0352242e-01
   2.8874881e-01
   2.6470381e-01
   2.3223435e-01
   1.9238994e-01
   1.4642271e-01
   9.5787345e-02
   4.2141161e-02
  -1.2670527e-02
  -6.7175858e-02
  -1.2018096e-01
  -1.7059862e-01
  -2.1756310e-01
  -2.6043004e-01
  -2.9877654e-01
  -3.3240113e-01
  -3.6132377e-01
  -3.8582071e-01
  -4.0689373e-01
  -4.2455827e-01
  -4.3859989e-01
  -4.4903535e-01
  -4.5611257e-01
  -4.6031072e-01
  -4.6234013e-01
  -4.6314237e-01
  -4.6389018e-01
  -4.6598752e-01
  -4.7106953e-01
  -4.8100257e-01
  -4.9788419e-01
  -5.2401527e-01
  -5.6232768e-01
  -6.1955768e-01
  -6.9969584e-01
  -8.0213465e-01
  -9.2166850e-01
  -1.0484937e+00
  -1.1682085e+00
  -1.2629817e+00
  -1.3093913e+00
  -1.2775449e+00
  -1.1426560e+00
  -8.8562735e-01
  -4.9305094e-01
   4.2791677e-02
   7.2404953e-01
   1.5409101e+00
   2.4364943e+00
   3.3388904e+00
   4.1725020e+00
   4.8580472e+00
   5.3125594e+00
   5.4533636e+00
   5.2603106e+00
   4.7726460e+00
   4.0450198e+00
   3.1463931e+00
   2.1600378e+00
   1.1828205e+00
   2.9085471e-01
  -4.7963107e-01
  -1.1041310e+00
  -1.5692651e+00
  -1.8727797e+00
  -2.0235466e+00
  -2.0415639e+00
  -1.9579154e+00
  -1.8041992e+00
  -1.6102382e+00
  -1.4045963e+00
  -1.2089363e+00
  -1.0380194e+00
  -8.9970522e-01
  -7.9495225e-01
  -7.1927202e-01
  -6.6747876e-01
  -6.3344617e-01
  -6.1189193e-01
  -5.9844795e-01
  -5.8966037e-01
  -5.8298956e-01
  -5.7681014e-01
  -5.7041093e-01
  -5.6399502e-01
  -5.5760657e-01
  -5.5062058e-01
  -5.4292027e-01
  -5.3438484e-01
  -5.2488956e-01
  -5.1430569e-01
  -5.0250053e-01
  -4.8933739e-01
  -4.7467560e-01
  -4.5837053e-01
  -4.4027355e-01
  -4.2029247e-01
  -3.9830052e-01
  -3.7408773e-01
  -3.4747704e-01
  -3.1832475e-01
  -2.8652042e-01
  -2.5198697e-01
  -2.1468059e-01
  -1.7459083e-01
  -1.3174051e-01
  -8.6185783e-02
  -3.8016120e-02
   1.2645706e-02
   6.5643602e-02
   1.2078817e-01
   1.7785668e-01
   2.3664730e-01
   2.9684268e-01
   3.5791518e-01
   4.1933685e-01
   4.8058294e-01
   5.4113196e-01
   6.0046566e-01
   6.5806900e-01
   7.1343022e-01
   7.6604074e-01
   8.1539527e-01
   8.6099174e-01
   9.0233129e-01
   9.3891834e-01
   9.7026052e-01
   9.9586870e-01
   1.0153054e+00
   1.0283914e+00
   1.0350339e+00
   1.0351934e+00
   1.0288877e+00
   1.0161908e+00
   9.9723413e-01
   9.7220542e-01
   9.4134941e-01
   9.0496761e-01
   8.6341830e-01
   8.1711658e-01
   7.6653433e-01
   7.1220022e-01
   6.5469971e-01
   5.9467507e-01
   5.3282536e-01
   4.6984984e-01
   4.0612693e-01
   3.4218903e-01
   2.7857251e-01
   2.1576624e-01
   1.5421162e-01
   9.4302535e-02
   3.6385396e-02
  -1.9240879e-02
  -7.2324862e-02
  -1.2266262e-01
  -1.7009769e-01
  -2.1452113e-01
  -2.5587146e-01
  -2.9413470e-01
  -3.2934436e-01
  -3.6155173e-01
  -3.9070577e-01
  -4.1695618e-01
  -4.4048496e-01
  -4.6146862e-01
  -4.8007824e-01
  -4.9647944e-01
  -5.1083239e-01
  -5.2329181e-01
  -5.3400697e-01
  -5.4312167e-01
  -5.5077428e-01
  -5.5709772e-01
  -5.6221942e-01
  -5.6626140e-01
  -5.6934022e-01
  -5.7156697e-01
  -5.7304729e-01
  -5.7388139e-01
  -5.7416401e-01
  -5.7398444e-01
  -5.7342651e-01
  -5.7256846e-01
  -5.7146588e-01
  -5.7014660e-01
  -5.6863614e-01
  -5.6695852e-01
  -5.6513626e-01
  -5.6319035e-01
  -5.6114028e-01
  -5.5900401e-01
  -5.5679800e-01
  -5.5453720e-01
  -5.5223503e-01
  -5.4990341e-01
  -5.4755274e-01
  -5.4519192e-01
  -5.4282831e-01
  -5.4046780e-01
  -5.3811472e-01
  -5.3577191e-01
  -5.3344069e-01
  -5.3112088e-01
  -5.2881078e-01
  -5.2650716e-01
  -5.2420627e-01
  -5.2191253e-01
  -5.1962752e-01
  -5.1735128e-01
  -5.1508386e-01
  -5.1282529e-01
  -5.1057557e-01
  -5.0833472e-01
  -5.0610275e-01
  -5.0387964e-01
  -5.0166539e-01
  -4.9945996e-01
  -4.9726334e-01
  -4.9507547e-01
  -4.9289631e-01
  -4.9072580e-01
  -4.8856388e-01
  -4.8641048e-01
  -4.8426550e-01
  -4.8212887e-01
  -4.8000047e-01
  -4.7788021e-01
  -4.7576797e-01
  -4.7366362e-01
  -4.7156703e-01
  -4.6947805e-01
  -4.6739655e-01
  -4.6532235e-01
  -4.6325530e-01
  -4.6119521e-01
  -4.5912560e-01
  -4.5703886e-01
  -4.5495501e-01
  -4.5288509e-01
  -4.5083097e-01
  -4.4878536e-01
  -4.4673175e-01
  -4.4464449e-01
  -4.4248872e-01
  -4.4022039e-01
  -4.3778630e-01
  -4.3512405e-01
  -4.3216205e-01
  -4.2881954e-01
  -4.2504352e-01
  -4.2077510e-01
  -4.1566518e-01
  -4.0934893e-01
  -4.0147159e-01
  -3.9168845e-01
  -3.7966487e-01
  -3.6507624e-01
  -3.4760803e-01
  -3.2695576e-01
  -3.0282501e-01
  -2.7493141e-01
  -2.4300065e-01
  -2.0676847e-01
  -1.6598820e-01
  -1.2080254e-01
  -7.1912470e-02
  -2.0151399e-02
   3.3540507e-02
   8.8116333e-02
   1.4242241e-01
   1.9519833e-01
   2.4507691e-01
   2.9058425e-01
   3.3013968e-01
   3.6206494e-01
   3.8514316e-01
   3.9878301e-01
   4.0262236e-01
   3.9657927e-01
   3.8085202e-01
   3.5591908e-01
   3.2253915e-01
   2.8175111e-01
   2.3487407e-01
   1.8350734e-01
   1.2952519e-01
   7.4457576e-02
   1.9572455e-02
  -3.3846399e-02
  -8.4731317e-02
  -1.3223074e-01
  -1.7570921e-01
  -2.1474739e-01
  -2.4914204e-01
  -2.7890603e-01
  -3.0438332e-01
  -3.2650786e-01
  -3.4511337e-01
  -3.6001840e-01
  -3.7125481e-01
  -3.7906773e-01
  -3.8391559e-01
  -3.8647014e-01
  -3.8761641e-01
  -3.8845271e-01
  -3.9029067e-01
  -3.9465520e-01
  -4.0328452e-01
  -4.1813014e-01
  -4.4135686e-01
  -4.7560354e-01
  -5.2642913e-01
  -5.9850067e-01
  -6.9258364e-01
  -8.0550779e-01
  -9.3016711e-01
  -1.0556401e+00
  -1.1652693e+00
  -1.2348829e+00
  -1.2406271e+00
  -1.1599019e+00
  -9.7136072e-01
  -6.5491500e-01
  -1.9736753e-01
   4.0665963e-01
   1.1484360e+00
   1.9988195e+00
   2.9082565e+00
   3.8067818e+00
   4.6050894e+00
   5.2126387e+00
   5.5549764e+00
   5.5891956e+00
   5.3064831e+00
   4.7321199e+00
   3.9254809e+00
   2.9800252e+00
   1.9942708e+00
   1.0362388e+00
   1.6461268e-01
  -5.7825981e-01
  -1.1663670e+00
  -1.5900331e+00
  -1.8559164e+00
  -1.9762986e+00
  -1.9739940e+00
  -1.8807808e+00
  -1.7256123e+00
  -1.5346165e+00
  -1.3310961e+00
  -1.1355290e+00
  -9.6556194e-01
  -8.3113850e-01
  -7.2893633e-01
  -6.5408490e-01
  -6.0175966e-01
  -5.6718210e-01
  -5.4561966e-01
  -5.3238582e-01
  -5.2308396e-01
  -5.1583635e-01
  -5.0984836e-01
  -5.0441209e-01
  -4.9896373e-01
  -4.9308358e-01
  -4.8649603e-01
  -4.7906956e-01
  -4.7081675e-01
  -4.6172868e-01
  -4.5159833e-01
  -4.4028231e-01
  -4.2763911e-01
  -4.1352876e-01
  -3.9781292e-01
  -3.8035478e-01
  -3.6101916e-01
  -3.3967243e-01
  -3.1618255e-01
  -2.9041906e-01
  -2.6225309e-01
  -2.3155735e-01
  -1.9826472e-01
  -1.6233439e-01
  -1.2369865e-01
  -8.2331720e-02
  -3.8249769e-02
   8.4890512e-03
   5.7784619e-02
   1.0949484e-01
   1.6343564e-01
   2.1938099e-01
   2.7706287e-01
   3.3617130e-01
   3.9635431e-01
   4.5721798e-01
   5.1832641e-01
   5.7920171e-01
   6.3932404e-01
   6.9813159e-01
   7.5502054e-01
   8.0938020e-01
   8.6087643e-01
   9.0893368e-01
   9.5295125e-01
   9.9239583e-01
   1.0268014e+00
   1.0557693e+00
   1.0789684e+00
   1.0961345e+00
   1.1070711e+00
   1.1116490e+00
   1.1098063e+00
   1.1015483e+00
   1.0869479e+00
   1.0661452e+00
   1.0393476e+00
   1.0068253e+00
   9.6864844e-01
   9.2524993e-01
   8.7728989e-01
   8.2540418e-01
   7.7020439e-01
   7.1227789e-01
   6.5218779e-01
   5.9047295e-01
   5.2764800e-01
   4.6420332e-01
   4.0060504e-01
   3.3729503e-01
   2.7469096e-01
   2.1318620e-01
   1.5314991e-01
   9.4926991e-02
   3.8838104e-02
  -1.4820338e-02
  -6.5776167e-02
  -1.1378146e-01
  -1.5864471e-01
  -2.0036972e-01
  -2.3902634e-01
  -2.7469086e-01
  -3.0744604e-01
  -3.3738107e-01
  -3.6459157e-01
  -3.8917962e-01
  -4.1125374e-01
  -4.3092891e-01
  -4.4832651e-01
  -4.6357441e-01
  -4.7680690e-01
  -4.8816472e-01
  -4.9779505e-01
  -5.0585151e-01
  -5.1249418e-01
  -5.1788956e-01
  -5.2221062e-01
  -5.2563675e-01
  -5.2830887e-01
  -5.3026415e-01
  -5.3158052e-01
  -5.3233316e-01
  -5.3259211e-01
  -5.3242226e-01
  -5.3188337e-01
  -5.3103006e-01
  -5.2991181e-01
  -5.2857293e-01
  -5.2705263e-01
  -5.2538496e-01
  -5.2359881e-01
  -5.2171797e-01
  -5.1976105e-01
  -5.1774153e-01
  -5.1566777e-01
  -5.1354296e-01
  -5.1136515e-01
  -5.0913398e-01
  -5.0689926e-01
  -5.0467326e-01
  -5.0245593e-01
  -5.0024725e-01
  -4.9804717e-01
  -4.9585568e-01
  -4.9367273e-01
  -4.9149829e-01
  -4.8933232e-01
  -4.8717480e-01
  -4.8502569e-01
  -4.8288497e-01
  -4.8075258e-01
  -4.7862851e-01
  -4.7651272e-01
  -4.7440518e-01
  -4.7230586e-01
  -4.7021472e-01
  -4.6813174e-01
  -4.6605687e-01
  -4.6399009e-01
  -4.6193137e-01
  -4.5988068e-01
  -4.5783798e-01
  -4.5580292e-01
  -4.5377336e-01
  -4.5175003e-01
  -4.4973408e-01
  -4.4772643e-01
  -4.4572778e-01
  -4.4373864e-01
  -4.4175928e-01
  -4.3978976e-01
  -4.3782992e-01
  -4.3587940e-01
  -4.3393760e-01
  -4.3200372e-01
  -4.3007674e-01
  -4.2815542e-01
  -4.2623829e-01
  -4.2432370e-01
  -4.2240975e-01
  -4.2049435e-01
  -4.1857515e-01
  -4.1664964e-01
  -4.1471506e-01
  -4.1269638e-01
  -4.1056793e-01
  -4.0837518e-01
  -4.0613308e-01
  -4.0382606e-01
  -4.0140802e-01
  -3.9880233e-01
  -3.9590185e-01
  -3.9256890e-01
  -3.8863528e-01
  -3.8390228e-01
  -3.7814064e-01
  -3.7109059e-01
  -3.6246183e-01
  -3.5193355e-01
  -3.3915438e-01
  -3.2376037e-01
  -3.0550913e-01
  -2.8386180e-01
  -2.5833324e-01
  -2.2860418e-01
  -1.9452122e-01
  -1.5609683e-01
  -1.1350935e-01
  -6.7102988e-02
  -1.7387832e-02
   3.4960170e-02
   8.9099193e-02
   1.4421319e-01
   1.9896371e-01
   2.5149717e-01
   3.0015598e-01
   3.4348383e-01
   3.8022569e-01
   4.0932779e-01
   4.2993764e-01
   4.4140402e-01
   4.4327697e-01
   4.3530782e-01
   4.1740799e-01
   3.8991661e-01
   3.5430250e-01
   3.1210105e-01
   2.6477902e-01
   2.1373453e-01
   1.6029707e-01
   1.0572748e-01
   5.1217991e-02
  -2.1078167e-03
  -5.3194996e-02
  -1.0105723e-01
  -1.4477748e-01
  -1.8382225e-01
  -2.1826859e-01
  -2.4825474e-01
  -2.7396523e-01
  -2.9563084e-01
  -3.1352860e-01
  -3.2798183e-01
  -3.3936009e-01
  -3.4807921e-01
  -3.5460128e-01
  -3.5943465e-01
  -3.6318984e-01
  -3.6638331e-01
  -3.6958438e-01
  -3.7390439e-01
  -3.8100796e-01
  -3.9311295e-01
  -4.1299048e-01
  -4.4396492e-01
  -4.8991389e-01
  -5.5522761e-01
  -6.4209934e-01
  -7.4909502e-01
  -8.7084265e-01
  -9.9730858e-01
  -1.1137975e+00
  -1.2009525e+00
  -1.2354509e+00
  -1.1951623e+00
  -1.0533569e+00
  -7.8900551e-01
  -3.8904384e-01
   1.5162798e-01
   8.3014510e-01
   1.6367515e+00
   2.5330680e+00
   3.4430738e+00
   4.2901477e+00
   4.9992272e+00
   5.4968086e+00
   5.7109742e+00
   5.6086398e+00
   5.1815934e+00
   4.4542067e+00
   3.5204198e+00
   2.5304415e+00
   1.5523274e+00
   6.4623479e-01
  -1.3559451e-01
  -7.6227274e-01
  -1.2216902e+00
  -1.5165161e+00
  -1.6610348e+00
  -1.6756640e+00
  -1.5868922e+00
  -1.4272785e+00
  -1.2317590e+00
  -1.0278752e+00
  -8.3731919e-01
  -6.7437940e-01
  -5.4591692e-01
  -4.5136566e-01
  -3.8520567e-01
  -3.4153061e-01
  -3.1387713e-01
  -2.9691094e-01
  -2.8643315e-01
  -2.7938022e-01
  -2.7382399e-01
  -2.6896212e-01
  -2.6423278e-01
  -2.5917860e-01
  -2.5363501e-01
  -2.4744236e-01
  -2.4044585e-01
  -2.3249558e-01
  -2.2344655e-01
  -2.1315863e-01
  -2.0149657e-01
  -1.8833002e-01
  -1.7357091e-01
  -1.5710662e-01
  -1.3869738e-01
  -1.1812881e-01
  -9.5216450e-02
  -6.9805688e-02
  -4.1771804e-02
  -1.1019956e-02
   2.2514816e-02
   5.8867598e-02
   9.8043590e-02
   1.4001812e-01
   1.8473662e-01
   2.3211467e-01
   2.8203794e-01
   3.3436225e-01
   3.8891427e-01
   4.4556394e-01
   5.0393003e-01
   5.6349013e-01
   6.2372073e-01
   6.8409726e-01
   7.4409407e-01
   8.0318446e-01
   8.6084065e-01
   9.1653378e-01
   9.6973394e-01
   1.0199101e+00
   1.0665303e+00
   1.1090613e+00
   1.1469689e+00
   1.1797179e+00
   1.2067719e+00
   1.2276057e+00
   1.2419328e+00
   1.2496592e+00
   1.2507421e+00
   1.2451966e+00
   1.2330952e+00
   1.2145682e+00
   1.1898038e+00
   1.1590477e+00
   1.1226031e+00
   1.0808314e+00
   1.0341512e+00
   9.8303902e-01
   9.2802909e-01
   8.6971325e-01
   8.0874108e-01
   7.4581984e-01
   6.8171447e-01
   6.1711535e-01
   5.5236964e-01
   4.8801313e-01
   4.2455124e-01
   3.6243921e-01
   3.0208216e-01
   2.4383504e-01
   1.8800267e-01
   1.3483967e-01
   8.4550566e-02
   3.7289686e-02
  -6.8387734e-03
  -4.7780775e-02
  -8.5532431e-02
  -1.2014001e-01
  -1.5169993e-01
  -1.8034559e-01
  -2.0608919e-01
  -2.2907702e-01
  -2.4950535e-01
  -2.6756323e-01
  -2.8343253e-01
  -2.9728791e-01
  -3.0929684e-01
  -3.1961957e-01
  -3.2840917e-01
  -3.3581150e-01
  -3.4196522e-01
  -3.4700178e-01
  -3.5104546e-01
  -3.5421330e-01
  -3.5661516e-01
  -3.5835371e-01
  -3.5952439e-01
  -3.6021548e-01
  -3.6050801e-01
  -3.6047613e-01
  -3.6018368e-01
  -3.5966536e-01
  -3.5894859e-01
  -3.5805906e-01
  -3.5702077e-01
  -3.5585601e-01
  -3.5458533e-01
  -3.5322758e-01
  -3.5179989e-01
  -3.5031770e-01
  -3.4879471e-01
  -3.4724291e-01
  -3.4567257e-01
  -3.4409228e-01
  -3.4250887e-01
  -3.4092748e-01
  -3.3935154e-01
  -3.3778275e-01
  -3.3622111e-01
  -3.3466491e-01
  -3.3311134e-01
  -3.3156278e-01
  -3.3002019e-01
  -3.2848357e-01
  -3.2695292e-01
  -3.2542825e-01
  -3.2390954e-01
  -3.2239680e-01
  -3.2089000e-01
  -3.1938914e-01
  -3.1789419e-01
  -3.1640514e-01
  -3.1492197e-01
  -3.1344463e-01
  -3.1197312e-01
  -3.1050739e-01
  -3.0904740e-01
  -3.0759312e-01
  -3.0614450e-01
  -3.0470150e-01
  -3.0326407e-01
  -3.0183215e-01
  -3.0040570e-01
  -2.9898465e-01
  -2.9756894e-01
  -2.9615850e-01
  -2.9475328e-01
  -2.9335319e-01
  -2.9195612e-01
  -2.9054732e-01
  -2.8913627e-01
  -2.8773362e-01
  -2.8634448e-01
  -2.8496837e-01
  -2.8359924e-01
  -2.8222550e-01
  -2.8082997e-01
  -2.7938991e-01
  -2.7787704e-01
  -2.7625748e-01
  -2.7449181e-01
  -2.7253502e-01
  -2.7033948e-01
  -2.6786709e-01
  -2.6494443e-01
  -2.6134526e-01
  -2.5682325e-01
  -2.5111200e-01
  -2.4392505e-01
  -2.3495585e-01
  -2.2387779e-01
  -2.1034417e-01
  -1.9398822e-01
  -1.7442309e-01
  -1.5124187e-01
  -1.2401756e-01
  -9.2307477e-02
  -5.5977670e-02
  -1.5212346e-02
   2.9676009e-02
   7.8177600e-02
   1.2958532e-01
   1.8299475e-01
   2.3730416e-01
   2.9121452e-01
   3.4322948e-01
   3.9165538e-01
   4.3468714e-01
   4.7099122e-01
   4.9919861e-01
   5.1821937e-01
   5.2732884e-01
   5.2616762e-01
   5.1474159e-01
   4.9342188e-01
   4.6294488e-01
   4.2441225e-01
   3.7929093e-01
   3.2915822e-01
   2.7549210e-01
   2.2008455e-01
   1.6452035e-01
   1.1016261e-01
   5.8152798e-02
   9.4106988e-03
  -3.5365546e-02
  -7.5699459e-02
  -1.1133622e-01
  -1.4224365e-01
  -1.6861948e-01
  -1.9071398e-01
  -2.0881452e-01
  -2.2327268e-01
  -2.3450430e-01
  -2.4298944e-01
  -2.4927241e-01
  -2.5396174e-01
  -2.5773020e-01
  -2.6131479e-01
  -2.6551676e-01
  -2.7113937e-01
  -2.7714096e-01
  -2.8920984e-01
  -3.1436990e-01
  -3.5738333e-01
  -4.2075063e-01
  -5.0471059e-01
  -6.0724032e-01
  -7.2405522e-01
  -8.4860902e-01
  -9.7036679e-01
  -1.0655506e+00
  -1.1069518e+00
  -1.0696743e+00
  -9.3115098e-01
  -6.7114334e-01
  -2.7174158e-01
   2.8026864e-01
   9.7833211e-01
   1.7953820e+00
   2.6864183e+00
   3.5885045e+00
   4.4207679e+00
   5.0843991e+00
   5.4847485e+00
   5.5680603e+00
   5.3083169e+00
   4.7282759e+00
   3.9023716e+00
   2.9441985e+00
   1.9601794e+00
   1.0412255e+00
   2.5594483e-01
  -3.6400530e-01
  -8.0534997e-01
  -1.0691826e+00
  -1.1709648e+00
  -1.1405260e+00
  -1.0146709e+00
  -8.3269122e-01
  -6.3157017e-01
  -4.3898262e-01
  -2.7329526e-01
  -1.4356654e-01
  -5.0913097e-02
   1.0755989e-02
   4.9742055e-02
   7.3018968e-02
   8.6228159e-02
   9.3678616e-02
   9.8346889e-02
   1.0187709e-01
   1.0510398e-01
   1.0860003e-01
   1.1259874e-01
   1.1731350e-01
   1.2293761e-01
   1.2964431e-01
   1.3758672e-01
   1.4689778e-01
   1.5767051e-01
   1.7010617e-01
   1.8445343e-01
   2.0093669e-01
   2.1975603e-01
   2.4108724e-01
   2.6508179e-01
   2.9186685e-01
   3.2154528e-01
   3.5419565e-01
   3.8987221e-01
   4.2860491e-01
   4.7039939e-01
   5.1523700e-01
   5.6309650e-01
   6.1382119e-01
   6.6704092e-01
   7.2234959e-01
   7.7931051e-01
   8.3745637e-01
   8.9628925e-01
   9.5528061e-01
   1.0138713e+00
   1.0714717e+00
   1.1274613e+00
   1.1811892e+00
   1.2319739e+00
   1.2791031e+00
   1.3218341e+00
   1.3593935e+00
   1.3910900e+00
   1.4165884e+00
   1.4355033e+00
   1.4475302e+00
   1.4524593e+00
   1.4501752e+00
   1.4406570e+00
   1.4239781e+00
   1.4003065e+00
   1.3699044e+00
   1.3331289e+00
   1.2904310e+00
   1.2423565e+00
   1.1895456e+00
   1.1327329e+00
   1.0727473e+00
   1.0103747e+00
   9.4610822e-01
   8.8071805e-01
   8.1493649e-01
   7.4943162e-01
   6.8480721e-01
   6.2160273e-01
   5.6029337e-01
   5.0129001e-01
   4.4493923e-01
   3.9152332e-01
   3.4126027e-01
   2.9430377e-01
   2.5074322e-01
   2.1060372e-01
   1.7384608e-01
   1.4044765e-01
   1.1037941e-01
   8.3431060e-02
   5.9393640e-02
   3.8063683e-02
   1.9243198e-02
   2.7396714e-03
  -1.1633930e-02
  -2.4059163e-02
  -3.4712106e-02
  -4.3763356e-02
  -5.1378037e-02
  -5.7715790e-02
  -6.2930780e-02
  -6.7171692e-02
  -7.0581734e-02
  -7.3298636e-02
  -7.5454648e-02
  -7.7162216e-02
  -7.8479662e-02
  -7.9453826e-02
  -8.0128640e-02
  -8.0545095e-02
  -8.0741244e-02
  -8.0752198e-02
  -8.0610128e-02
  -8.0344264e-02
