   2.0480356e-01
  -4.2255224e-02
  -9.5272420e-01
  -1.1349234e+00
  -1.0877548e+00
  -1.7602482e+00
  -1.2551269e+00
  -1.3647318e-02
   3.9899800e-01
  -5.1393255e-01
  -1.1291690e+00
  -1.0467389e+00
  -1.3087070e+00
  -6.9313077e-01
   8.4229871e-02
  -1.1368894e+00
  -9.5752226e-01
  -1.0179875e+00
   6.0519986e-02
   8.1003476e-01
  -7.3377126e-01
  -1.3425998e+00
  -1.3644918e+00
  -1.7564773e-02
  -5.4653093e-01
  -8.8815257e-01
   1.0357642e-01
   2.4818667e-01
   5.8437981e-01
   7.8665497e-01
   1.2555683e+00
  -7.3049915e-02
   9.3836470e-01
   5.5069239e-01
   4.6011132e-01
   1.1495967e+00
   1.0810615e+00
  -2.1016128e-01
   4.6532175e-01
   7.1326549e-01
  -1.5938434e-01
   8.2873089e-01
   1.5146185e+00
   1.8306861e+00
   1.1390041e+00
   1.3263782e+00
   1.0014684e+00
   4.6298351e-01
  -3.1408128e-01
   4.6771309e-01
   9.2667694e-01
   1.6551923e+00
   1.7801029e+00
   4.2909348e-01
   8.9485487e-01
   9.0610652e-01
   1.2075373e+00
   8.6545418e-01
   3.3735426e-01
   1.2614717e+00
   8.8750630e-01
   3.5910761e-01
   3.3338272e-01
  -5.1176417e-01
  -1.0809292e+00
  -7.9668990e-01
   3.0617303e-01
   8.1294561e-01
   1.2702773e+00
   1.7432254e+00
   4.7222539e-01
   5.6911780e-01
  -3.5514690e-01
  -2.0341451e-01
  -7.3486827e-01
   2.3416847e-02
   9.4717458e-01
  -3.3966842e-01
   9.1511039e-01
  -1.0659462e-01
   4.9576970e-01
   3.2308303e-01
   1.1335110e+00
   1.4734867e+00
   1.2014758e+00
   7.3590159e-01
   9.6988708e-02
   1.2473057e+00
   8.5036472e-01
   4.9416006e-01
   2.6394950e-01
   2.3621607e-01
  -4.4923978e-01
  -2.1190196e-01
  -7.3263087e-01
   5.7529245e-01
  -1.2562928e-01
  -8.7186523e-01
  -4.8396407e-01
   6.4137549e-01
   4.7634541e-01
   1.1592659e+00
   5.0658592e-01
   4.8963976e-01
   7.9835847e-01
   1.2691726e+00
   1.4377227e+00
   1.9882000e+00
   1.7763513e+00
   1.3316738e+00
   1.9703663e+00
   1.8836752e+00
   2.3975873e+00
   2.3035640e+00
   8.6296902e-01
   1.8728433e+00
   2.1884873e+00
   1.6054064e+00
   1.4728862e+00
   2.0169996e+00
   1.4754021e+00
   1.8546342e+00
   1.7381608e+00
   1.0718613e+00
   2.2832392e-01
  -2.6445709e-01
  -4.1547597e-01
  -4.2261255e-01
   6.5349665e-01
  -1.8436857e-01
   4.2204812e-01
   2.5527509e-01
   1.6102682e-01
   8.0865809e-02
   2.3262527e-01
  -1.6484412e-01
  -7.5394375e-01
  -1.1174339e+00
   2.0723733e-03
  -4.0998469e-01
  -2.8270097e-01
  -3.9729601e-01
  -4.4356594e-01
   1.4424448e-01
   1.3109645e-01
  -7.3874052e-01
  -8.4577612e-01
  -3.9479320e-01
  -8.2570722e-01
   2.5916746e-01
   8.7886386e-01
  -1.4499095e-01
  -6.2814728e-01
  -8.9549729e-03
  -6.9962301e-01
  -1.6613072e-01
   5.1597659e-01
   1.4822828e-01
   1.0170526e+00
   7.3130690e-01
   1.3936494e+00
   1.2532248e-01
  -6.9744977e-01
  -5.2441939e-02
  -8.8069965e-01
  -6.5529738e-01
   1.6157632e-01
   1.7756449e-01
  -2.7042076e-01
  -3.4598604e-01
  -2.9118895e-01
   5.3762790e-01
  -5.9926100e-01
  -5.9512454e-01
  -7.8751614e-01
  -4.1188751e-01
  -1.0433300e+00
  -6.5529705e-01
  -4.6949679e-01
  -6.3171191e-01
  -1.2304613e-01
   5.5370058e-01
   4.4653037e-02
   2.1431893e-01
  -7.2167059e-01
   1.9200916e-01
   4.8703520e-01
  -4.6217374e-01
   1.0452736e-01
  -2.0699494e-01
   9.9656419e-02
   2.4256324e-01
   7.5895289e-01
   1.3845676e+00
   5.3882649e-01
   1.0764231e+00
  -9.6159158e-02
  -2.9923850e-01
  -4.6095328e-01
   3.2554256e-01
   8.9359724e-01
   1.1695142e+00
   4.2625168e-01
  -1.6171325e-01
  -1.5805017e-01
  -4.8027691e-01
  -6.1786987e-01
   4.7490199e-03
  -3.7897653e-01
  -4.4466437e-01
   5.9060672e-01
   2.8484238e-01
   8.8494803e-01
   2.4380549e-01
   1.9563442e-01
   4.4959836e-01
  -4.6896477e-01
  -1.0611349e+00
   1.5411107e-01
  -3.9701214e-01
  -6.5740585e-02
   4.8573866e-01
   6.3324114e-03
  -2.3060502e-01
   5.4461459e-01
  -5.0086306e-01
   2.3613002e-01
   1.0890545e+00
   1.0529116e+00
   9.4723715e-01
  -1.3236969e-01
   8.5001197e-01
  -2.4000659e-01
  -4.6114975e-01
  -2.3833984e-01
  -1.1397735e-01
  -6.4382191e-02
  -9.4261135e-01
  -1.2303403e+00
  -1.6584250e+00
  -1.6093229e+00
  -5.9239211e-01
  -1.5101132e+00
  -4.5390740e-01
  -1.2765325e+00
  -9.6700755e-01
   1.6379016e-01
   1.2161023e-01
  -2.4602658e-02
  -1.6129454e-01
   5.6284152e-01
  -4.3268235e-01
  -9.2897316e-01
  -1.4960205e+00
  -1.8723351e+00
  -2.2265815e+00
  -1.8741830e+00
  -2.4360103e+00
  -2.0673673e+00
  -1.1210997e+00
  -1.2491575e+00
  -1.3612925e+00
  -1.4400455e+00
  -4.8486773e-01
  -3.5715623e-01
   4.0236078e-01
   6.8208753e-01
  -2.0641731e-02
  -4.9234940e-03
  -1.0938234e+00
  -6.5199225e-01
  -4.1305083e-01
   3.6048741e-01
   8.4251797e-01
   1.3698695e+00
   1.2301197e+00
  -4.2148284e-02
  -4.7431752e-02
   1.9513092e-01
  -1.1141691e-01
   4.8331721e-01
   5.4628715e-01
   9.8189394e-01
   1.1315634e+00
  -2.2379721e-01
   3.6740910e-01
  -5.8508565e-01
  -3.7586773e-02
  -9.3637000e-01
   4.1877339e-01
   2.0466837e-01
   9.3833353e-01
   6.0885202e-01
   2.0506030e-01
   1.0426170e+00
   1.3254716e-01
  -6.4321234e-01
  -3.0382146e-01
   3.0812463e-01
   7.1883806e-01
   5.3235636e-01
   1.2068062e+00
   1.0816411e+00
  -8.1523856e-02
   9.7453446e-01
   1.1915001e+00
   4.7177297e-01
   6.8025195e-01
   1.3725969e+00
   9.2255827e-01
   5.5024706e-01
  -1.6756548e-01
   9.8690444e-01
  -2.6090799e-01
  -4.5116733e-01
   8.2559320e-01
   7.7090239e-01
  -3.1176517e-01
   6.7676322e-01
  -4.2712737e-01
   4.6740554e-01
   1.2974457e+00
   1.2304077e+00
   7.3374743e-02
   1.0491348e+00
   8.1710395e-01
   4.2347056e-01
  -7.7129586e-02
  -7.8950126e-01
  -8.8025422e-01
  -1.3350869e+00
  -1.1069282e+00
  -3.1256393e-01
   3.0356107e-01
   8.4381644e-01
   7.8975294e-01
   3.9077489e-02
   1.0154741e+00
   1.6440228e+00
   9.6670835e-01
   9.4327864e-02
   9.6598110e-01
   1.7793361e-01
  -5.2131823e-01
  -6.9233482e-01
   3.9787109e-01
   1.0669701e+00
  -4.4910409e-02
   4.9758370e-01
   1.2107656e+00
   1.2001739e-01
  -6.3170252e-01
  -6.8357919e-01
  -4.3189570e-01
  -9.5883182e-01
  -3.6120731e-01
  -9.3236310e-01
  -6.8348511e-01
   2.6031283e-01
   5.3990293e-01
   2.0334117e-01
  -1.8808715e-01
  -6.0593547e-01
   4.2383455e-01
   5.5357449e-01
   3.6958695e-01
   1.1380033e-01
   6.9195401e-01
   8.0378555e-01
   1.5102416e+00
   2.2593761e-01
   6.2741300e-01
  -1.6830860e-01
   1.0455926e+00
   1.9925677e-01
  -3.0264933e-01
   5.8319356e-01
   5.6773646e-01
   1.2566308e+00
   1.6151004e+00
   5.3818678e-01
   4.2990844e-01
   4.5729401e-01
  -4.6915732e-01
  -5.4736227e-01
   8.6307769e-02
  -6.2000457e-01
   1.5721360e-01
  -6.1784354e-01
  -1.2540416e+00
  -6.1414164e-01
  -8.4008040e-01
   1.9504636e-01
   8.0652786e-01
   1.2126740e-01
   8.5923450e-01
   6.9467134e-01
  -2.5772038e-01
  -3.8694923e-01
  -3.8741562e-01
  -1.0509584e+00
  -8.4743517e-01
  -9.3764084e-01
  -1.6207312e-01
   1.7075221e-01
  -9.8223018e-01
  -8.3501376e-01
   2.1880206e-01
   3.3023299e-01
   6.9157080e-01
   1.1982386e+00
   5.5254580e-02
   4.6265187e-01
  -1.5582231e-01
   3.6530973e-01
   1.0337136e+00
  -2.9314772e-01
  -8.8148376e-01
   1.8979181e-01
  -5.1339500e-01
   6.0801589e-01
   1.5359938e-01
   6.4921473e-03
   8.7851733e-01
   1.2754389e+00
   1.2441945e+00
   1.7328472e+00
   9.6645434e-01
   1.7775983e+00
   1.8531152e+00
   1.9871042e+00
   2.2431043e+00
   9.7105185e-01
   1.0337188e+00
   1.5764849e+00
   2.2647523e+00
   1.0817258e+00
   1.4522801e+00
   3.6509594e-01
   2.4267094e-01
   1.0759584e+00
   9.0387077e-01
   3.7083177e-01
   2.5822010e-01
  -6.6982822e-02
   6.7186396e-01
  -3.3983317e-01
  -3.8974089e-01
  -7.1122521e-01
   1.7578783e-01
  -8.3538274e-02
  -2.1868821e-01
   8.9671318e-01
   5.4962068e-01
   3.7653576e-01
   1.1697156e+00
  -2.0303418e-02
   6.6061820e-01
   8.4047266e-01
   4.2747750e-01
   3.8449512e-01
   1.3934209e+00
   1.5642648e+00
   1.8684770e+00
   1.9915021e+00
   2.1493655e+00
   8.0123469e-01
   1.4261714e+00
   1.8152284e+00
   1.6028614e+00
   1.0397504e+00
   7.1807011e-01
   1.0534231e+00
   6.9733703e-01
   8.4853833e-02
   3.0910206e-01
   3.0108336e-01
   8.5109697e-01
   9.5125338e-01
   5.3074098e-01
   1.0772638e+00
   1.4998312e+00
   1.4161862e+00
   6.3576687e-01
   1.7424345e+00
   2.1122105e+00
   1.6304576e+00
   1.7216232e+00
   1.6382898e+00
   2.0614496e+00
   2.7044220e+00
   1.8535335e+00
   1.0348689e+00
   5.8611876e-01
   1.3595318e+00
   1.5729553e+00
   2.2710912e+00
   8.1263102e-01
   8.3918829e-01
   2.5782590e-01
   9.4420864e-01
   7.3974818e-01
   1.5727078e+00
   1.7737944e+00
   1.4751788e+00
   1.7677786e+00
   1.3584684e+00
   1.9854577e+00
   2.4436038e+00
   1.6069232e+00
   2.4304236e+00
   2.3425531e+00
   2.2408854e+00
   2.4667147e+00
   1.6099916e+00
   7.3552188e-01
   1.9909141e+00
   1.0169119e+00
   1.0478371e+00
   1.0932527e+00
   1.6257193e+00
   1.6192116e+00
   1.7123408e+00
   1.8235805e+00
   1.1613021e+00
   7.6779513e-01
   1.0968859e+00
   1.7811198e+00
   1.3862922e+00
   1.4110674e+00
   6.5901350e-01
   4.6745682e-01
   1.6223805e+00
   9.5143306e-01
   7.4350027e-01
   3.7108949e-02
   1.3662106e+00
   1.6890566e+00
   1.0477117e+00
   1.6337431e+00
   1.8464310e+00
   1.2748401e+00
   7.5532842e-01
   2.8510322e-01
   1.0460895e+00
   9.7955472e-01
   2.8617345e-01
   9.0033132e-01
   1.7325909e+00
   2.1954832e+00
   1.4029789e+00
   1.8722395e+00
   2.4531123e+00
   1.3868817e+00
   1.8506964e+00
   9.3509108e-01
   1.6257153e+00
   2.0637423e+00
   1.6353076e+00
   2.2470735e+00
   1.9906129e+00
   1.6571479e+00
   1.9969632e+00
   1.9604586e+00
   1.0924607e+00
   1.8027822e+00
   1.6901917e+00
   1.9096658e+00
   2.4415472e+00
   2.5851993e+00
   2.7820960e+00
   3.0520877e+00
   1.7101507e+00
   1.2414218e+00
   1.4382517e+00
   9.4308732e-01
   1.0026420e+00
   1.8109623e+00
   1.4026577e+00
   1.2973923e+00
   2.2589130e+00
   2.5025865e+00
   1.1832017e+00
   3.4783680e-01
   2.2569849e-01
   2.4046417e-01
   1.1384732e+00
   1.4833794e+00
   2.2292307e+00
   2.3732262e+00
   9.3628949e-01
   1.5638193e+00
   8.5205987e-01
   2.0022099e+00
   1.9446215e+00
   2.1848408e+00
   1.9547949e+00
   2.3864793e+00
   1.1452933e+00
   9.4636943e-01
   1.1226864e+00
   2.7495167e-01
   2.3889339e-01
   1.8445136e-02
  -5.9516775e-01
  -5.1579178e-01
  -8.6211279e-02
   2.2684152e-01
  -4.0292241e-01
  -6.9702897e-01
   5.4266999e-01
   1.2129627e+00
   1.5194842e+00
   1.4104445e+00
   1.7516945e+00
   4.3596921e-01
   1.1561081e+00
   4.1978049e-01
   8.0618470e-01
  -1.6618324e-01
   3.6170447e-01
   5.7363113e-01
   1.4193514e+00
   1.6075690e+00
   5.1753944e-01
   1.3776092e+00
   1.2099441e+00
   1.1093250e+00
   1.4857752e+00
   1.8459715e+00
   1.0442004e+00
   1.7089579e+00
   2.2836790e+00
   1.8112507e+00
   7.7815146e-01
   1.9723037e+00
   1.0788858e+00
   2.0342903e+00
   2.3633978e+00
   1.1960498e+00
   5.7195216e-01
   1.1376172e+00
   3.7695215e-01
   1.2245120e+00
   1.2615010e+00
   8.1083180e-01
   5.9879895e-01
   1.6776636e+00
   4.0226905e-01
  -2.0282036e-01
  -1.7498594e-01
  -3.2715695e-01
  -3.2612902e-01
   8.3087913e-01
  -1.8933824e-02
   8.8815059e-01
   2.0633997e-01
   9.5762786e-01
   1.0633070e+00
   9.9879576e-01
   5.4560187e-01
   1.3050652e+00
   7.9992934e-01
   5.8880234e-01
   5.7226437e-01
   4.8949234e-01
   1.2669464e+00
   1.0535389e+00
   6.6707980e-01
   1.4385966e+00
   3.3851685e-01
  -4.0986570e-01
  -3.1303520e-01
  -1.3691838e-01
   7.2151342e-02
   7.8354217e-01
  -3.8257578e-01
   6.4065841e-01
   3.1070088e-01
   8.7227604e-01
   8.0311865e-01
   2.5751639e-01
   6.4453595e-01
   6.8975234e-01
   1.1059779e+00
   1.5060074e-01
   5.8809410e-01
   1.0768818e+00
   2.1353188e-01
   1.1878570e+00
   1.6359698e+00
   1.4513545e+00
   6.8223611e-01
   1.7653238e+00
   2.0747531e+00
   1.5067052e+00
   2.0149335e+00
   1.6652403e+00
   1.8526846e+00
   2.5323368e+00
   1.1935183e+00
   3.1288469e-01
   1.7317951e-01
   1.1477191e+00
   6.2723389e-01
  -1.8104575e-01
   2.6198723e-01
   1.3849387e+00
   1.2365208e-01
   1.0275891e+00
   5.0227884e-01
   1.2044274e+00
   1.8376486e+00
   6.3272516e-01
   4.2266872e-01
   3.0757972e-01
  -3.6624117e-01
  -1.9590862e-01
   5.8497890e-01
   7.1250204e-02
  -5.1340979e-01
  -8.9674978e-02
   2.9638746e-01
  -5.1275304e-01
  -2.1004118e-01
   2.0079608e-01
   3.4760020e-01
  -3.0744398e-01
   1.2276976e-01
   7.1021668e-03
   8.3073461e-01
  -4.0685943e-01
  -6.0986564e-01
  -1.0638550e+00
   1.6872051e-01
   7.3448211e-01
  -8.0820289e-02
  -9.6526609e-01
  -1.1588972e+00
  -1.0343266e-01
   1.1542347e-01
   4.2527353e-01
   3.4094473e-01
   5.4888056e-01
   7.5199134e-01
   1.3203171e+00
   4.5552686e-01
  -2.5572466e-01
   6.6040716e-01
   1.1136002e+00
   3.2064449e-01
   9.8219110e-01
   8.2413534e-01
   9.3235571e-01
  -1.9632677e-01
   2.0570301e-01
   9.7721696e-01
   1.1284341e+00
   1.5622994e+00
   2.0556855e+00
   1.4509537e+00
   1.2456452e+00
   2.0054393e+00
   8.7115361e-01
   8.0150347e-01
   1.1695676e+00
   4.5787961e-01
   3.4385471e-01
  -3.2484847e-01
   9.7299944e-01
   1.5955470e+00
   1.4357585e+00
   8.6222887e-01
  -7.6300781e-02
   9.7787029e-01
   1.3715556e+00
   1.5544445e+00
   2.0622468e+00
   1.6124249e+00
   1.1840776e+00
   1.1192666e+00
   6.3596485e-01
   1.2732667e+00
   9.9078329e-01
   6.9552414e-01
   7.7650852e-01
   1.7382461e+00
   1.6337765e+00
   1.2289306e+00
   1.7102654e+00
   4.8744259e-01
   5.1628305e-01
   1.7364795e+00
   2.3391569e+00
   1.2146877e+00
   3.8526531e-01
   8.7384463e-01
   1.8931876e+00
   1.5106450e+00
   6.7724847e-01
  -4.4863473e-03
   9.4617053e-01
   1.4430868e+00
   2.2412346e-01
   1.0947824e+00
   2.7761934e-01
   1.4602067e-01
   1.5619727e-02
   7.3551275e-01
   1.5329808e+00
   1.2375327e+00
   6.2714288e-01
   6.0507526e-01
  -1.2842065e-01
   1.4574665e-01
  -5.5466674e-01
   2.1202189e-01
   2.9757307e-02
   1.6417804e-01
   8.4812898e-01
  -3.6622100e-01
   6.2317712e-01
  -3.1179145e-01
   8.3448896e-01
   1.2453548e-01
   5.7277801e-01
   2.7103037e-01
   7.6990509e-01
   1.4565255e+00
   1.8049833e-01
   1.0724006e-02
  -2.5019920e-01
   5.4194621e-02
  -3.2289189e-01
  -9.1794137e-01
  -7.3794598e-01
  -1.0301355e+00
  -1.2198457e+00
  -7.4307979e-01
  -5.5431144e-01
   5.2676457e-01
   8.9519313e-01
   1.1210908e+00
   6.3000898e-01
   1.0183281e+00
  -1.7236186e-01
   2.0527376e-02
   4.8074744e-01
   1.2023835e+00
  -8.1812999e-03
  -3.6550684e-01
  -6.6413609e-02
   4.9167383e-01
  -6.0792813e-01
  -6.8641201e-01
   2.3301102e-01
   1.8385168e-01
   4.1234235e-01
   1.1620507e+00
   1.3986157e+00
   8.0552896e-01
   1.1884034e+00
   2.5331787e-01
  -3.2637262e-01
  -2.7514817e-01
  -6.9043751e-01
   4.0144767e-01
   1.4355265e-01
   4.9204155e-01
   6.7589726e-01
  -4.1782236e-01
   8.7862781e-01
   1.2497715e-01
   4.3038533e-01
   6.4749052e-01
  -2.4218478e-01
  -2.1094962e-01
  -8.3598769e-01
  -8.2909846e-01
  -2.1962710e-01
   6.1717802e-01
   7.5962299e-03
  -6.3003108e-01
  -9.4834271e-01
  -6.3595230e-01
   9.2120893e-02
  -9.0283340e-01
   2.7699575e-01
   1.3690928e-01
  -3.9097458e-01
   2.1832696e-01
  -5.5305966e-01
  -4.8703548e-01
   5.3863870e-01
   1.0213060e+00
   7.1625871e-02
  -4.7438613e-01
   4.7017531e-01
   1.2890929e+00
   2.4893943e-01
  -7.0254907e-01
   2.8302409e-01
   8.9264112e-01
   1.5525375e+00
   7.2705355e-01
   4.0159970e-01
   6.3766703e-01
   5.7644370e-01
  -4.8064387e-01
   1.2148344e-01
  -6.9894760e-02
   3.3301223e-01
  -5.8334371e-01
  -1.0844197e+00
   4.7965186e-02
   3.0666369e-01
  -4.7914081e-01
  -3.9995298e-02
   3.7116098e-01
  -6.8205494e-01
   6.2760407e-01
   4.7747627e-01
   1.2615851e+00
   3.6389613e-01
   1.0457727e+00
   9.5402070e-01
   7.3733375e-02
  -6.7799847e-01
   7.6214702e-02
   8.6913874e-02
   9.4481387e-02
  -2.4595269e-01
  -9.0247682e-01
  -7.1892898e-01
   4.4769822e-01
   4.6188907e-01
  -2.1276026e-01
   5.6630043e-01
  -1.4674875e-01
   2.0457238e-01
   9.6923622e-01
   3.0958878e-01
   2.8094508e-01
  -8.1366813e-02
   3.5666344e-01
  -6.5120675e-01
  -1.0567317e+00
  -7.1986079e-01
  -1.2747508e+00
   1.6875839e-01
   3.0221051e-01
  -1.3150579e-01
  -7.0828919e-01
   5.3378331e-01
   2.1552233e-01
  -7.9225724e-02
  -7.1895469e-01
  -1.2809442e+00
  -1.0742438e+00
  -1.7367645e+00
  -2.7577700e-01
  -8.7686418e-01
  -1.3960338e+00
  -1.9716410e+00
  -9.7388517e-01
  -1.4618942e+00
  -1.6685016e+00
  -1.5891274e+00
  -1.6890744e+00
  -2.1523964e+00
  -1.8630338e+00
  -1.9079126e+00
  -7.1125372e-01
  -6.5226675e-01
  -8.0636687e-01
  -1.3385154e+00
  -1.8082691e+00
  -1.1042946e+00
  -1.3177938e-01
   1.3257649e-01
  -7.4012385e-01
  -5.2703618e-01
  -1.5167633e+00
  -8.9767460e-01
  -8.8126860e-01
  -5.5954641e-01
  -1.3744090e+00
  -4.0039762e-01
  -3.6216358e-01
  -1.5021965e+00
  -1.7094544e+00
  -1.5677290e+00
  -1.4813084e+00
  -7.4890752e-01
  -8.7960343e-01
  -1.9362782e-01
  -3.4951454e-01
   4.4608536e-01
  -3.3091244e-01
  -4.2658839e-01
   5.4786343e-01
   4.3570434e-01
  -5.3131810e-01
   5.3814621e-01
   1.1133372e+00
   1.3389790e+00
   1.1548566e+00
   8.6393960e-01
   1.2339675e+00
   7.8090498e-01
   8.3977404e-01
   4.2016796e-01
   1.0628481e+00
   3.5852874e-01
   1.2044882e+00
   1.7653310e+00
   8.2062138e-01
   1.1627583e-01
   8.0398452e-01
   1.2137350e+00
   4.9631822e-01
   4.5422601e-01
  -2.8757885e-01
   7.6965885e-01
   9.6350792e-01
   2.2832116e-01
   8.8186519e-02
   3.1426269e-01
   1.2673161e-01
   4.0788329e-01
   2.0673042e-02
  -3.6806146e-01
   4.1337359e-01
  -2.9015678e-01
  -8.3528373e-01
  -4.1939266e-03
   1.4980636e-01
  -8.6551757e-02
  -1.0044695e+00
  -1.0420929e+00
  -1.3129277e+00
  -4.1318779e-01
  -1.1060353e+00
  -1.4816235e+00
  -7.9408582e-01
   1.9110921e-01
   7.7496181e-01
   4.3000586e-02
  -9.8458959e-01
   2.0420578e-01
   3.7334948e-01
   9.6327013e-01
   7.3958430e-01
   1.1852702e+00
   1.7850826e+00
   1.3749406e+00
   2.0020471e+00
   1.9119264e+00
   4.9882653e-01
   1.2159239e+00
   2.0077783e+00
   1.2531720e+00
   1.6433383e+00
   4.5098093e-01
   1.2733617e+00
   6.3931298e-01
   7.0239343e-01
   1.6035246e-01
   8.9032545e-01
  -1.9545344e-01
   6.4162913e-01
   1.1071463e-01
   1.7263796e-01
   5.9137695e-01
  -4.4437565e-01
   2.9470103e-01
   9.6073551e-01
   1.1318565e+00
   6.4689655e-01
   8.5138728e-01
   1.6298430e+00
   2.1854150e+00
   1.5113015e+00
   9.9381155e-01
   1.4203487e+00
   8.1106150e-01
   8.3599581e-01
   1.4512290e+00
   8.2499010e-01
   4.6873451e-01
   5.7642296e-01
   1.3073514e+00
   1.1131390e+00
   1.4698891e+00
   2.1399996e+00
   1.0674269e+00
   2.0635650e+00
   6.8700075e-01
   3.2757773e-02
   4.5599059e-01
   6.7764105e-01
   8.0263725e-01
   2.6726253e-02
   1.0497779e+00
   4.6144805e-01
   1.6276374e-02
  -2.3661601e-01
  -1.7053444e-01
  -7.0973932e-01
  -8.9797356e-01
   7.2131777e-02
   5.1013522e-01
   6.2155751e-01
  -5.7846838e-02
  -1.0855648e-01
   6.0098915e-01
   4.5043696e-01
   5.5754506e-01
   1.4322392e+00
   7.4185444e-01
   1.8241486e-01
  -3.1504122e-01
  -4.0288087e-01
  -3.9478137e-01
  -6.7161758e-01
   4.6039608e-01
   1.6081312e-02
  -3.9015339e-01
  -4.9590846e-01
  -8.8463536e-01
  -8.3541601e-01
   4.3417239e-01
   5.9974606e-01
   6.7202017e-01
   1.2093181e+00
   1.4662386e-01
  -5.7653118e-01
  -7.6900540e-01
   4.0114244e-01
  -2.2429343e-01
   5.4728570e-01
  -2.4633501e-01
   5.1721462e-01
   1.0599300e+00
   7.6785701e-01
   8.9772170e-01
  -6.0153646e-02
  -4.3773647e-01
  -6.4993907e-01
  -1.2353481e+00
  -1.1703705e+00
  -7.6112538e-02
  -6.5381705e-02
  -4.6798333e-01
   7.8500689e-02
  -6.4465766e-02
   2.9198720e-02
   3.5082106e-01
  -6.6998435e-01
  -6.8264244e-01
  -8.8403578e-02
   2.8799826e-01
   8.2692544e-01
   2.4599347e-01
   5.4652242e-01
  -4.5647820e-01
   3.6326256e-01
  -4.3564765e-01
  -6.6007147e-01
  -1.1936758e-01
  -2.0941362e-01
  -8.4637607e-01
  -3.3095566e-01
   1.7442493e-01
   6.2116801e-01
   4.1534674e-01
   1.0088407e+00
  -1.8219283e-01
  -4.8304403e-01
  -5.6156021e-01
   5.8758392e-01
   3.7803850e-01
   2.3439055e-01
  -3.7911686e-01
  -5.3038657e-01
  -1.0275141e+00
  -1.4855780e+00
  -1.7972551e-01
  -8.8318508e-02
  -1.0514048e+00
  -5.6608600e-01
  -7.2329506e-01
  -1.5889906e+00
  -1.9501961e+00
  -1.3626770e+00
  -1.4518393e-01
   4.1047073e-01
  -8.9018018e-01
  -1.4145625e+00
  -8.2414459e-01
  -6.7419750e-02
  -1.3104041e-01
  -2.6069692e-01
   7.1454301e-01
   7.0884844e-01
   8.5219958e-02
  -5.5049718e-01
  -5.5554715e-01
  -8.4949647e-01
   1.4182744e-01
   7.5969915e-01
   1.1344195e+00
   1.2584789e+00
  -1.0234106e-01
   3.3749329e-01
   8.5614086e-01
  -2.6605584e-01
   3.7485850e-01
  -5.7561042e-01
   2.4836068e-01
  -5.9573370e-01
  -6.4143090e-01
   4.8368380e-01
  -2.4033677e-01
  -6.0737545e-01
  -5.3575510e-01
  -3.3066224e-01
  -8.3639639e-01
  -1.2938403e+00
  -9.4154079e-01
  -9.8374466e-01
  -8.2359475e-01
  -8.6664733e-01
  -1.2822803e+00
  -5.6821510e-01
  -5.4283672e-01
  -1.1699327e-02
   5.3132768e-01
  -1.0198613e-01
  -5.5465725e-01
   4.3296978e-01
  -7.1691262e-02
   4.6126555e-01
   8.9172045e-01
   9.7150659e-01
   5.0865410e-01
   8.3092082e-01
   7.5105518e-01
   1.4411396e+00
   1.1993961e+00
   9.5391399e-01
   1.5665514e+00
   6.0449270e-01
  -3.3763778e-01
  -2.2686013e-01
  -6.3682719e-01
  -1.0342627e+00
  -3.7401329e-02
  -7.7165763e-01
  -9.2565281e-01
   1.9877124e-01
  -5.3002752e-01
  -1.1416171e+00
  -1.5740722e+00
  -3.8940539e-02
  -1.1306014e+00
  -1.0194814e+00
  -4.5814717e-01
  -1.2650209e+00
  -1.1645686e+00
  -8.8717285e-01
  -2.3810701e-01
  -1.0663489e+00
   1.8131556e-01
   4.0787032e-01
   8.7030165e-01
   4.3444961e-02
   3.2190357e-01
  -6.4870496e-01
  -5.0836901e-01
  -1.2703459e+00
  -1.5303788e-01
   4.6401824e-01
  -6.0127478e-01
  -3.6012535e-01
  -1.0762450e+00
  -1.6903990e+00
  -1.8050367e+00
  -3.4497355e-01
  -1.4554445e+00
  -2.3766626e-01
   1.9868085e-01
   6.6445325e-02
  -3.5080850e-01
   1.4874749e-01
  -5.8401163e-01
   4.4213886e-01
  -5.0709242e-01
  -1.1221840e+00
  -1.6308618e+00
  -1.1184232e+00
  -2.6263197e-01
  -9.4095412e-01
  -8.0163242e-01
  -6.3720543e-01
  -7.4018369e-01
  -2.6596302e-01
   5.4390976e-01
   9.3324085e-01
  -1.5938594e-01
  -3.0933069e-01
  -7.4386070e-01
   1.7373218e-01
   8.0850473e-01
   4.6070308e-01
  -6.3054673e-01
  -6.1980447e-01
   2.2726619e-02
  -1.0502377e+00
  -4.7791308e-01
  -2.1895681e-01
  -4.6128871e-01
  -4.0641689e-01
  -8.4451527e-01
  -1.5577791e+00
  -1.1782629e+00
  -1.7920080e+00
  -6.2069652e-01
   1.3705277e-02
   5.6798059e-01
   3.5918249e-01
   2.9020910e-01
   2.9125048e-01
   2.1457732e-01
  -3.0030858e-01
  -1.0942900e-01
  -6.7128053e-01
  -1.0587735e+00
  -6.2495384e-01
   8.3154491e-04
  -9.7216099e-01
  -1.5547743e+00
  -1.8386489e+00
  -1.4375471e+00
  -1.5590624e+00
  -1.4111220e+00
  -1.1612741e+00
  -9.9139559e-01
  -1.3541686e+00
  -1.5130019e+00
  -1.2264138e+00
  -6.3857868e-01
  -1.7116229e+00
  -1.2825859e+00
  -2.0490411e+00
  -1.9888528e+00
  -8.8900008e-01
  -1.7882917e+00
  -1.7094827e+00
  -1.6429745e+00
  -9.6309896e-01
  -6.1245740e-01
  -1.1528580e+00
  -6.7899234e-02
  -3.6403156e-01
  -6.8178670e-01
  -1.4544178e+00
  -1.8619398e-01
   2.5385322e-01
   5.9284982e-01
  -3.6245585e-01
  -2.0096754e-02
  -7.6241665e-01
  -3.8196385e-01
  -7.8378982e-01
  -5.5087173e-01
  -6.4901218e-01
   2.9593452e-01
   3.4908035e-01
   4.0099445e-02
   1.9943203e-01
  -8.0590347e-01
   4.0217706e-01
   8.0232142e-01
  -4.0931901e-01
  -6.7340538e-01
  -2.0557180e-01
   3.9791473e-02
  -1.0635370e+00
  -6.8259586e-01
   4.3317154e-01
   1.3177858e-01
  -4.2325079e-01
   5.4588457e-01
   2.9985246e-01
  -6.0116211e-01
  -2.8069899e-01
  -9.7635871e-01
  -1.3069049e+00
  -3.3597242e-01
   4.5012606e-01
   4.4285757e-02
  -6.5401728e-01
  -1.4602067e+00
  -1.0345959e+00
  -6.9463686e-01
  -1.3050155e+00
  -1.0647815e+00
  -6.3364744e-01
  -1.2432930e+00
  -1.0734622e+00
  -7.2195158e-01
  -5.4810864e-01
   3.7707512e-01
  -9.5118927e-01
  -5.8153777e-01
   4.5734386e-01
  -1.0867425e-01
   8.8100062e-02
  -8.7099680e-01
  -5.7446238e-01
   1.3376246e-01
  -3.0449998e-01
  -1.2844058e+00
  -1.6177916e+00
  -9.4833581e-01
  -3.8554246e-01
  -1.1657953e+00
  -1.1801744e+00
  -8.7470879e-01
  -1.0746228e+00
  -1.0844554e+00
  -1.3107795e+00
  -1.4211406e+00
  -9.7361081e-01
  -1.9442785e+00
  -5.1261914e-01
  -8.7080326e-01
  -1.3027640e+00
  -1.6456470e+00
  -1.0088476e+00
  -1.9263651e+00
  -2.1010353e+00
  -2.1546813e+00
  -1.7137691e+00
  -2.0375409e+00
  -2.5843128e+00
  -2.3344205e+00
  -1.2445089e+00
  -1.2266207e+00
  -7.6538868e-01
  -1.0837516e+00
  -1.6769745e+00
  -2.0873926e+00
  -1.1328039e+00
  -1.0007751e+00
  -7.7364581e-01
  -1.6913455e+00
  -6.1479910e-01
   3.3635580e-02
  -2.3007824e-01
   1.5000795e-01
  -4.6038355e-01
  -4.5263168e-01
  -1.3389037e+00
  -5.6137117e-01
  -8.9772894e-02
  -1.0332121e+00
  -6.8657169e-01
  -3.8150113e-01
  -8.0272508e-01
  -4.7623893e-01
  -3.9963970e-01
   4.7226001e-01
  -8.0442987e-01
   3.5532680e-01
  -7.8651914e-01
  -5.2649048e-01
   2.7796612e-01
  -1.0767360e+00
  -8.3981282e-01
  -1.2774965e+00
  -1.6218105e+00
  -1.2642849e+00
  -1.7522244e+00
  -1.7676263e+00
  -2.0049410e+00
  -2.1664784e+00
  -1.9568309e+00
  -1.9360050e+00
  -2.0097200e+00
  -9.8094564e-01
  -1.3989808e+00
  -7.2606275e-01
  -7.1732408e-01
   2.1729718e-02
   6.0680410e-01
   5.6305783e-01
   2.0064583e-02
   5.9907573e-01
   3.5687853e-01
  -6.2541864e-01
   1.2446535e-01
   5.2415255e-01
  -1.7757029e-01
   1.8964802e-01
   2.4453550e-01
   3.8435704e-01
  -8.2115370e-01
   8.8965199e-02
  -7.9057466e-01
  -2.2377620e-01
  -2.3206592e-01
   5.4332465e-01
  -9.9184298e-02
  -4.9023641e-01
   3.6044863e-01
   9.6260654e-01
  -9.1114665e-03
   2.4995732e-01
   1.8885316e-01
   5.0404003e-01
   1.0993217e+00
   4.6240750e-02
   3.6015185e-01
   2.9591327e-01
  -6.8529789e-01
   3.5999477e-01
  -4.6653383e-01
  -4.1452352e-01
   1.4713574e-01
  -7.2652574e-01
  -4.8722255e-01
   2.6697930e-01
   6.1153526e-01
   7.9704021e-01
  -9.9586393e-02
  -6.4193918e-01
  -9.0651112e-01
  -1.4552499e+00
  -6.6217929e-01
  -3.4235636e-01
  -7.4250706e-01
   1.8743918e-01
  -5.0664738e-01
  -1.0153274e+00
  -1.4077219e+00
  -1.6281101e+00
  -1.8827453e-01
  -2.5610447e-01
  -1.1523234e+00
  -9.7471373e-01
   7.1936923e-02
   4.2218877e-01
   1.0393402e+00
   4.4355678e-02
  -4.1377006e-01
   4.7458497e-01
  -5.3597841e-01
  -5.2151339e-01
  -1.0944101e-01
  -2.3826892e-01
   1.2771564e-02
  -9.8868235e-01
  -1.5557207e+00
  -2.8826177e-01
  -2.0477091e-02
  -8.2098975e-01
   1.5221337e-01
   7.1760898e-01
  -5.0074684e-01
  -1.1502709e+00
  -1.0175351e+00
  -1.4935571e+00
  -1.8113888e+00
  -1.0447799e+00
  -1.6615375e+00
  -2.0326608e+00
  -1.3925808e+00
  -2.0930789e+00
  -1.4511002e+00
  -1.2078921e+00
  -1.9794694e+00
  -8.2360053e-01
  -1.7493477e+00
  -1.6049498e+00
  -8.3858020e-01
  -1.6234719e+00
  -2.0769136e+00
  -1.2807678e+00
  -2.8110728e-01
  -2.2423256e-01
  -8.9077571e-01
  -1.6025661e+00
  -9.1393795e-01
   5.4486095e-03
  -1.2174812e+00
  -5.0370841e-01
   3.1559279e-01
  -3.0886450e-01
  -2.6901239e-01
  -3.0558216e-01
  -1.2298315e+00
  -8.0322353e-01
   2.4142706e-01
  -1.1578609e+00
  -1.1993249e+00
   7.8172236e-02
  -7.1368004e-01
  -1.4758127e+00
  -9.9295923e-01
  -6.6415946e-01
  -2.5140261e-01
  -7.9523152e-01
  -2.0287313e-01
   2.0451189e-01
   7.5157912e-01
   1.1472851e+00
  -3.4828758e-01
  -1.5657544e-01
   2.7850783e-01
  -1.5250023e-01
  -9.9063595e-02
  -2.2931164e-02
  -1.0766860e-01
  -1.0674337e+00
  -1.6969848e+00
  -5.2442493e-01
  -4.9954970e-02
   6.1629020e-02
   4.4714349e-01
   2.3282864e-01
   1.0137564e-02
   2.8717698e-01
   1.0228644e+00
   8.9439040e-01
   1.1363095e+00
   1.7113981e+00
   1.9458529e+00
   3.9669674e-01
   8.8948235e-01
   1.6824534e+00
   1.8680017e+00
   2.0140492e+00
   1.3367812e+00
   1.0840614e+00
   1.1041859e+00
   5.0558230e-02
   5.6881824e-01
   1.2203501e+00
   1.4789122e+00
   1.8914809e+00
   1.0957257e+00
   1.3213558e+00
   1.2669911e+00
   9.4666468e-01
   1.7258653e+00
   2.3452142e+00
   8.4640109e-01
   4.7838076e-01
   6.5410307e-02
  -5.8797437e-02
   4.8483054e-01
   1.4762787e+00
   1.1735079e+00
   6.9530147e-01
  -2.2276365e-01
   6.1429591e-01
   1.4186832e+00
   4.5174519e-01
   3.2763445e-01
   7.6397684e-01
   3.8140616e-01
   1.0142097e+00
   9.4823159e-01
   9.9947418e-01
   3.4096424e-01
   1.1600758e+00
   1.1315246e+00
   1.4314525e+00
   1.9734280e+00
   7.2895756e-01
  -1.0193369e-01
   6.4751138e-01
   6.4500454e-01
   6.0943797e-01
   1.0342121e+00
   4.4246106e-01
  -1.8359410e-01
  -5.2096186e-01
  -9.5457970e-01
   4.1225397e-02
  -9.3466220e-01
  -2.4789354e-01
  -7.8786865e-01
  -1.0762330e+00
  -3.1177879e-01
   6.9863135e-01
   8.0932126e-01
   1.4339026e+00
   3.3255104e-01
   6.0053264e-01
  -2.4152392e-01
   1.0864021e-01
   9.4545690e-01
   2.1872376e-01
   1.0646840e+00
   4.3173673e-01
   6.6206490e-01
   4.4613847e-03
  -4.2659450e-01
   8.0758633e-01
   3.3230829e-01
  -6.1971967e-02
   1.0076114e+00
   5.8459907e-02
   5.0632463e-01
   2.0574087e-01
  -5.5344808e-01
  -1.1911856e+00
   1.6999330e-01
   9.9242230e-01
   1.3383645e+00
   1.4066430e+00
   1.4780119e+00
   1.1329089e+00
   1.8699517e+00
   1.6107564e+00
   4.5962707e-01
   6.0436828e-01
  -3.1079253e-01
  -6.9470258e-01
  -6.8595084e-01
  -1.8687572e-01
  -2.8180790e-01
   2.9990978e-02
  -5.5238139e-01
  -9.7522019e-01
   2.1871070e-02
   1.2025244e-01
  -7.7893242e-01
  -4.4142846e-01
  -8.6421178e-01
  -2.1328904e-01
  -1.0210024e+00
  -1.3232676e+00
  -2.6705924e-01
  -1.8944275e-03
  -6.2569780e-01
   3.3871047e-01
   4.9978788e-01
   3.0943651e-01
  -1.8560483e-01
  -1.4535853e-01
  -8.6810120e-02
   2.2426358e-01
   4.6424889e-01
  -5.2480956e-01
  -3.1367580e-01
  -3.8622110e-01
   6.5890272e-01
   1.1016499e+00
   1.2858780e+00
   1.8493573e+00
   2.0291296e+00
   1.8555081e+00
   7.8444069e-01
   5.2376241e-01
   1.5367526e+00
   1.0368302e+00
  -8.5757008e-02
  -6.1009504e-01
   6.4419867e-01
   8.2515454e-01
   5.4550143e-02
   2.1233297e-01
  -3.5115116e-01
  -3.7520869e-01
   2.6590041e-02
  -8.5750256e-01
  -8.1844800e-01
  -1.3371868e+00
  -5.6512171e-01
   2.7477074e-01
   8.7056718e-01
   3.3838550e-01
  -7.4913190e-01
  -3.2880305e-01
  -7.6529236e-01
  -6.0483263e-01
  -9.2502400e-01
  -1.1636235e+00
  -5.0048747e-01
  -8.8678606e-01
  -1.1865173e+00
  -5.1778633e-02
  -3.0475052e-02
  -6.1046014e-01
  -4.8697454e-01
  -1.3735395e+00
  -6.4947827e-01
  -2.5209690e-01
  -6.2278189e-01
  -1.8875975e-01
   5.3121766e-01
  -1.0880829e-01
   5.3032047e-01
   1.2481935e+00
  -1.6254765e-02
  -7.4521567e-01
   1.5751795e-01
   2.9213690e-01
   3.7881166e-01
   2.3393628e-01
   8.3924315e-01
   1.1064203e+00
  -1.7034285e-01
  -9.7413246e-01
  -9.4075982e-01
  -1.5774925e+00
  -1.3172975e+00
  -1.3440305e+00
  -1.5704972e+00
  -8.6188154e-01
   5.5482566e-02
  -7.2200925e-01
  -1.0520775e+00
  -3.5765267e-01
  -9.9405644e-01
  -1.6981093e+00
  -1.9922992e+00
  -7.9155875e-01
  -9.9892834e-01
  -5.4720625e-01
  -1.5728885e+00
  -1.3617322e+00
  -1.1158709e+00
  -4.3768841e-01
  -2.9175242e-01
  -1.8422815e-01
  -7.4850476e-01
  -1.2850008e+00
  -1.8894718e+00
  -6.6524162e-01
  -1.9003495e-01
   5.1996118e-01
   1.7768427e-01
  -7.8694776e-01
  -4.5332880e-01
  -5.8518458e-02
  -4.9865865e-01
  -1.2338723e+00
  -1.7355877e+00
  -1.8752425e+00
  -1.2045034e+00
  -1.3824738e+00
  -1.9981248e+00
  -1.5160887e+00
  -5.8051314e-01
  -1.5445505e+00
  -3.0525871e-01
  -3.8115582e-01
  -1.5576451e+00
  -6.8833881e-01
   2.5937038e-01
  -1.0093258e+00
  -7.9865666e-01
  -1.5195040e+00
  -1.2803876e+00
  -1.1050963e+00
  -1.4802170e+00
  -1.7766781e+00
  -1.5919147e+00
  -1.4219250e+00
  -5.0296748e-01
  -8.3796577e-01
  -1.9850072e-01
  -1.4580423e-01
  -1.1172197e+00
   4.9465475e-02
  -3.6539198e-01
  -8.3184901e-01
  -1.3888214e+00
  -8.6370403e-01
  -1.7475509e+00
  -1.0929947e+00
  -8.9541345e-01
  -5.7306770e-01
  -3.5808279e-01
  -5.8272848e-01
   3.4875785e-01
   3.3626834e-01
  -4.1661228e-01
  -4.4157851e-01
   5.5108895e-01
  -5.1416299e-01
  -4.1592877e-01
  -1.2991602e+00
  -1.1501355e+00
  -1.4630498e+00
  -1.3344385e+00
  -1.9973621e+00
  -9.8904594e-01
  -1.4666080e+00
  -1.5779992e+00
  -2.1590246e+00
  -2.4989762e+00
  -2.6741654e+00
  -3.1216416e+00
  -1.7963267e+00
  -1.3170314e+00
  -1.4202513e+00
  -7.4985440e-01
  -1.7785710e+00
  -2.2179121e+00
  -8.6485411e-01
  -5.7229223e-01
  -1.0043695e+00
  -2.6465260e-01
  -6.0414396e-02
  -1.1782086e+00
  -1.3554121e+00
  -2.7597956e-01
  -3.6107346e-01
   6.4446669e-02
  -1.0601294e+00
  -3.6659861e-01
   4.2266226e-02
  -1.2668916e+00
  -4.1702871e-01
  -1.4907651e+00
  -1.5871682e+00
  -1.9784060e+00
  -7.8398661e-01
  -1.2956076e+00
  -1.5731851e+00
  -2.1020947e+00
  -1.9427182e+00
  -1.1385898e+00
  -1.9706783e+00
  -1.2586017e+00
  -1.9867843e+00
  -1.0096665e+00
  -1.3102957e+00
  -1.8096678e+00
  -2.2760568e+00
  -2.0677102e+00
  -1.7711316e+00
  -1.7519400e+00
  -1.8008961e+00
  -2.6503350e+00
  -2.5595557e+00
  -2.1652890e+00
  -1.7842633e+00
  -2.0253761e+00
  -1.7633650e+00
  -1.3315403e+00
  -7.0642737e-01
  -2.0303867e+00
  -1.2722350e+00
  -1.2339714e+00
  -2.0233136e+00
  -1.4565313e+00
  -2.4412044e+00
  -1.9172450e+00
  -2.1048741e+00
  -1.8290179e+00
  -1.5214936e+00
  -2.4426259e+00
  -1.6753141e+00
  -1.1915495e+00
  -2.1297429e+00
  -2.6044652e+00
  -3.1221545e+00
  -1.5449641e+00
  -2.2511350e+00
  -2.2631714e+00
  -2.2023903e+00
  -2.9722660e+00
  -3.0775391e+00
  -3.4730973e+00
  -2.4445213e+00
  -1.9200234e+00
  -1.5057257e+00
  -1.7257458e+00
  -2.1932156e+00
  -1.0638947e+00
  -1.2694410e+00
  -6.0577737e-01
  -8.3863955e-01
  -2.0093898e-01
   1.6130388e-01
  -8.1012686e-01
  -9.4348455e-01
  -8.4773186e-01
  -3.2966379e-01
   3.9617002e-01
   5.9826675e-01
   6.2940740e-01
   9.1438839e-02
   6.2626439e-01
   9.5210507e-01
   1.2199984e+00
   8.1921238e-01
   9.3880394e-01
   4.4741766e-01
   1.0647788e+00
   3.9114725e-01
   3.3303819e-01
   4.3843439e-01
   2.0990766e-02
   4.9422496e-01
   3.4473336e-01
  -5.1082010e-01
   7.0891047e-01
   1.1481948e+00
   3.2734243e-02
   4.7920450e-01
   6.0269858e-02
   1.0288074e+00
   1.5926826e+00
   1.2580028e+00
  -1.1828839e-01
   6.5575242e-01
   1.1558174e+00
   4.2470597e-01
   1.6519934e-01
   7.6970815e-01
   1.0338311e-01
   1.0124681e+00
  -1.7556357e-01
   3.0848320e-01
  -4.7791361e-01
   1.5846345e-01
  -2.3645415e-01
  -6.6506726e-01
  -3.0639158e-01
   1.5162971e-02
   2.9676100e-01
  -2.4722378e-01
   1.5988688e-01
  -7.4599265e-02
   8.6280912e-01
   1.5046722e-01
   7.2233684e-01
   5.7746211e-01
   5.5606937e-01
   1.8420157e-01
   8.3437176e-01
   5.6731987e-01
  -4.8552141e-01
   7.3156388e-01
   7.6959575e-01
   1.4258705e+00
   9.1558163e-01
   1.5495971e+00
   9.4485854e-01
   4.0655431e-01
  -5.0049440e-01
   7.5724128e-01
   1.9125401e-01
  -7.0153556e-01
  -6.0138353e-01
  -1.9421236e-01
   8.3030444e-01
   3.5311354e-01
  -2.8435809e-02
  -8.8021615e-01
  -5.0965494e-01
  -6.4698467e-01
  -1.4273082e+00
  -5.8535751e-01
  -1.1890695e+00
   9.4264879e-02
   5.0399485e-01
  -4.7357680e-01
  -3.2330238e-01
   1.1622314e-01
   9.1945325e-01
   2.9151111e-01
   8.3427836e-01
   3.9028459e-01
  -3.0002222e-01
   1.5673231e-01
   1.0122208e+00
  -3.9494787e-02
  -4.3559628e-02
   1.3429489e-01
   4.4901004e-01
   4.3942482e-01
   7.9704848e-01
   1.0848449e+00
   1.2056880e+00
   1.6332654e+00
   8.5653820e-01
   1.4565852e-01
   9.4184067e-01
   3.5120486e-01
   1.2926494e+00
   1.4355521e+00
   9.0217711e-01
   8.8318379e-01
  -1.6909947e-01
   1.1835869e-01
   4.3418194e-01
  -6.2069770e-01
   7.7769473e-01
   1.1868238e+00
   1.0892370e+00
   1.5740129e+00
   1.6795273e+00
   1.1108899e+00
   4.3498279e-01
  -1.7008877e-01
  -7.9619374e-01
  -7.5127482e-01
  -1.3139599e+00
  -2.3957601e-01
  -1.1917238e+00
  -1.5050092e+00
  -3.2095063e-01
  -1.2701532e+00
  -1.6000012e+00
  -2.0501167e+00
  -2.1829845e+00
  -1.0540264e+00
  -1.1593222e+00
  -1.5952008e-01
  -1.1453536e+00
  -1.7922565e+00
  -1.4363431e+00
  -2.0450510e+00
  -2.4050348e+00
  -2.7933774e+00
  -2.6349792e+00
  -1.3902616e+00
  -1.4460740e+00
  -7.8498475e-01
  -1.4657171e-01
   2.2204668e-01
   3.1063833e-01
  -8.9965634e-01
  -1.0921709e-01
  -1.1099495e+00
  -9.6259773e-01
  -1.0967167e+00
  -1.4724875e+00
  -6.1990697e-01
  -1.4452085e+00
  -1.2224632e+00
  -7.7953392e-01
  -5.2002563e-01
  -1.5982869e+00
  -2.0806193e+00
  -1.1075782e+00
  -7.0707889e-01
  -4.9674511e-01
  -1.1988609e+00
  -5.5239675e-01
   2.7534480e-02
  -6.2158682e-01
  -4.2244736e-01
  -1.2386591e+00
  -4.9549045e-01
   3.2260835e-01
  -8.2923120e-01
  -1.2050996e+00
  -2.5257458e-01
  -1.0744329e+00
  -4.2933577e-01
   1.0900486e-01
  -8.3169695e-01
  -1.5539130e+00
  -1.9039519e+00
  -1.6812877e+00
  -1.6539444e+00
  -1.4068277e+00
  -8.2172039e-01
   3.7670445e-02
   4.8129440e-01
   1.3931672e-01
  -7.7567628e-01
  -1.0177249e+00
  -1.2183929e+00
  -1.0267527e-01
  -1.2271984e+00
  -1.7534268e+00
  -1.7130003e+00
  -1.5628236e+00
  -1.1873714e+00
  -1.8089463e-01
  -1.2787507e+00
  -1.2019301e+00
  -1.6163333e-01
  -4.6986923e-01
  -4.2483827e-01
  -7.5275629e-01
  -1.6240982e-01
  -6.6553910e-01
  -1.1648528e+00
  -6.3286335e-01
  -9.9167167e-01
  -5.6246558e-01
  -1.2737556e+00
  -1.7280256e+00
  -9.9202152e-01
   5.1757348e-02
  -7.7951232e-01
  -6.7602845e-01
  -2.7405500e-01
  -8.8084690e-01
   3.8990581e-02
   5.2596120e-02
   4.3042763e-02
   8.3381577e-02
  -9.6911784e-01
  -7.9866951e-01
  -1.5203087e+00
  -6.6219090e-01
  -1.0550186e+00
  -1.2128347e+00
  -1.0142972e+00
  -1.6951223e+00
  -6.3840397e-01
  -1.6270907e-01
  -1.9797300e-01
   1.3487374e-01
  -7.2791971e-01
  -1.0373467e-01
  -7.4221762e-01
   1.2189048e-01
  -1.1982742e-01
  -8.2336784e-01
   1.4468491e-01
   6.0978692e-01
   8.4984215e-01
   4.4604465e-01
   4.3269206e-01
   1.2689678e+00
   2.8981479e-01
   1.0796864e+00
   2.0155889e-01
   1.0771400e+00
   1.3581360e+00
  -1.0965183e-01
  -1.8877753e-01
  -2.6353775e-01
   2.9535504e-01
   7.4808160e-01
   2.8764066e-01
  -7.4803067e-02
  -5.1574561e-01
  -1.0520830e+00
  -2.6182957e-01
  -7.9726178e-01
   2.4681536e-01
  -6.8203511e-01
   2.8103662e-01
   2.7893967e-01
   4.2747425e-01
  -3.2772550e-01
  -5.3033894e-01
   3.9250528e-01
  -9.3617310e-02
   5.0931617e-01
   1.2080873e+00
  -2.9780125e-01
   1.5439975e-01
  -2.7226032e-01
  -1.1022100e+00
  -8.7722673e-01
  -6.7758140e-01
  -8.4606253e-01
  -1.0973989e+00
  -9.3051705e-01
   1.7285718e-01
  -9.0081051e-01
   2.3141486e-01
  -7.6662206e-01
  -1.2984033e-01
   7.9040031e-03
   6.1877738e-02
   9.0460399e-01
   1.0041385e+00
   1.2632230e+00
   1.2364387e+00
   3.5204141e-01
   4.8605624e-01
   3.4498571e-01
   1.0953287e+00
   1.2108826e+00
   1.5460691e+00
   1.4122961e+00
   1.0534207e+00
   1.6682116e+00
   2.0707922e+00
   1.4598516e+00
   2.0350932e+00
   2.3505604e+00
   1.3440196e+00
   1.7100667e+00
   1.8722276e+00
   2.4061418e+00
   9.9012678e-01
   1.9008102e+00
   1.7925729e+00
   1.4693678e+00
   2.2720243e+00
   1.1516525e+00
   1.7472334e+00
   1.7244670e+00
   1.6267611e+00
   7.0250898e-01
   9.4905290e-01
   1.5459605e-02
   9.8786690e-01
   7.0285217e-01
   1.0726999e+00
   1.3083878e+00
   2.0819252e+00
   9.1400006e-01
   4.2691409e-01
   1.1115543e+00
   5.1216120e-01
   5.9546442e-01
   9.1664858e-01
   1.2882568e+00
   2.2916038e-01
   2.1278344e-01
  -5.8124192e-01
  -8.8189862e-01
  -2.1951722e-01
  -9.8423658e-01
  -1.1005604e+00
  -1.6377661e+00
  -7.1306321e-01
  -6.9171869e-01
   5.4976948e-02
  -2.6396785e-02
   4.8880999e-01
   5.7105386e-01
  -6.5248993e-01
   3.1636991e-01
  -6.3477112e-01
  -6.1456483e-01
  -4.9773507e-01
  -1.3997535e-01
  -5.9892488e-01
   1.4272708e-01
  -1.7131676e-01
   4.4637062e-02
   2.3828538e-01
   7.4629258e-01
  -3.7080126e-02
  -9.3843558e-01
   3.0250605e-01
  -7.0688524e-01
  -7.9525286e-01
  -5.2750152e-01
   2.7820864e-01
  -8.4356637e-01
  -3.4225487e-01
  -5.7310497e-01
  -6.0930707e-01
  -1.2837971e+00
  -6.9162942e-01
  -4.1560264e-01
  -1.3863957e-01
  -1.1598975e+00
  -7.4904314e-01
  -1.9256968e-01
   4.8010026e-02
  -9.4160637e-01
  -1.4536873e+00
   2.2617398e-02
   6.6653022e-01
  -5.0512830e-01
   2.0530428e-01
  -8.8066724e-01
  -2.7707165e-01
  -4.5657085e-01
  -7.9956331e-01
  -4.6774545e-01
   3.7458850e-01
  -6.8466121e-01
  -4.0919918e-01
  -1.2746135e+00
  -5.8663691e-01
  -1.1995379e+00
  -1.6845360e+00
  -1.5491928e+00
  -1.5014717e+00
  -1.1765857e+00
  -1.5265530e+00
  -1.6083448e+00
  -9.1662592e-01
  -9.2988499e-01
  -4.8208823e-01
   1.2294486e-01
  -1.1744945e+00
  -1.8030664e+00
  -4.2377707e-01
   4.7214157e-02
  -1.1195996e+00
  -4.6564722e-01
  -3.4786931e-01
  -1.3545802e+00
  -8.1824375e-01
  -3.0542941e-01
  -1.2704916e+00
  -1.4305023e+00
  -1.5681692e+00
  -1.8227450e+00
  -2.3167862e+00
  -1.5757768e+00
  -2.2450521e+00
  -1.3935030e+00
  -9.4077511e-01
  -1.0543507e+00
  -1.6091220e+00
  -2.0705410e+00
  -2.1671067e+00
  -1.8214081e+00
  -9.6480231e-01
  -5.4874403e-01
  -1.1217760e+00
  -7.7362847e-01
  -1.2115725e-01
  -6.5156513e-01
   1.3972493e-01
  -9.8115294e-01
  -6.7511291e-01
  -1.3196049e+00
  -1.2556366e+00
  -2.8925820e-01
  -8.1226608e-01
   1.4528452e-01
   6.8300489e-01
   3.7898363e-01
  -2.3421572e-01
  -7.5142302e-01
   4.3990038e-01
  -3.2756837e-01
  -4.5207005e-01
  -4.0356638e-01
  -6.2125095e-01
   3.5192082e-01
  -1.9721981e-01
   7.3787258e-01
   8.9821867e-01
  -4.4636543e-01
   4.5891718e-01
   1.0398185e+00
   3.5995966e-01
   5.4573105e-01
  -3.3335430e-01
   2.2489393e-01
   2.5536361e-01
   4.4781878e-01
   1.1564442e+00
   1.6468017e+00
   8.4754354e-01
   1.3535616e+00
   4.1650929e-01
  -3.6899485e-01
  -1.5809531e-01
  -7.2011743e-01
   2.0865189e-01
  -7.1728945e-01
  -9.9732980e-01
  -4.5195929e-01
  -1.5299919e-01
  -3.0994374e-01
  -6.0230107e-01
   4.4168032e-01
   1.0699104e+00
   9.4433359e-01
  -2.1182199e-01
  -6.6659612e-01
  -6.2908777e-01
   3.4173529e-01
  -3.5612756e-01
   4.5138359e-02
   3.7643499e-01
   5.9688911e-02
  -4.7648813e-01
  -1.0898261e+00
  -1.4993370e+00
  -7.5398834e-01
  -3.7025478e-01
  -9.1685287e-01
  -1.5418448e-01
  -1.0999623e+00
  -1.3294213e+00
  -8.6784935e-01
  -1.0304425e+00
  -1.0587921e-01
  -2.7240173e-01
  -6.5566385e-01
  -2.5299766e-02
   4.1382962e-01
  -3.8513683e-01
  -5.5341690e-01
   1.6116113e-01
   7.8592451e-01
  -6.6397912e-02
   4.2954573e-01
  -2.7460146e-01
  -5.0561324e-01
  -6.1336862e-02
  -5.5332360e-01
   3.9017246e-01
  -7.9569504e-02
   1.6082424e-01
   3.6507469e-01
  -6.3441499e-01
  -1.2704486e+00
  -1.8535112e-02
   7.8563158e-02
  -9.1493462e-02
  -4.5760356e-01
  -2.3328536e-02
   3.2378517e-01
   5.3252235e-01
   4.5543833e-01
  -6.5807784e-01
  -6.7873800e-01
  -9.0759253e-01
   2.1499207e-01
   9.0641780e-01
   6.2335025e-02
  -3.2443110e-01
  -4.2311116e-01
  -6.0249886e-01
  -1.8872918e-01
   2.6202954e-01
   6.9368495e-01
   1.0460150e+00
   1.6297166e+00
   1.1734299e-01
  -2.4453614e-01
   5.2107434e-01
   4.2032296e-01
  -4.7821323e-01
   5.5244677e-01
   3.6724750e-02
  -9.5021046e-01
   1.2446550e-01
   9.3189105e-01
  -2.8973468e-01
  -2.6089941e-01
  -1.0913654e+00
   2.6769270e-01
  -7.8699502e-01
  -1.9632102e-01
   3.8556501e-01
   3.0158984e-02
   6.6006449e-01
   5.3429269e-02
  -5.2946161e-01
