   9.0355286e-01
   8.5421956e-01
   7.8340623e-02
   7.1755253e-01
   1.2116125e+00
  -1.1403630e-01
   1.1502032e+00
   1.3083512e+00
   3.8904494e-02
   2.6155411e-01
  -3.0031109e-01
  -9.5456207e-03
   8.9666324e-01
   1.4428094e+00
   2.0654262e+00
   2.1754194e+00
   1.1277150e+00
   4.6503513e-01
   1.6652215e+00
   1.1082152e+00
   6.6900302e-02
  -5.5046073e-01
  -1.0850726e+00
   2.8367135e-01
   1.1916954e+00
   1.3357065e+00
   3.3886332e-01
  -1.1200370e-01
   1.0768090e+00
   1.4566824e+00
   3.7716211e-01
   5.3377648e-01
  -3.6644270e-01
  -7.7748330e-01
  -1.3100877e+00
   1.3413245e-01
   3.4442318e-01
  -1.4943315e-01
   4.0991727e-01
  -3.1323021e-01
  -6.8562716e-01
  -4.5206939e-01
  -6.1587660e-01
  -8.8515951e-01
   1.3795247e-02
  -2.4031802e-01
   7.9991699e-01
   1.1985131e+00
   1.6027002e+00
   5.4474081e-01
   5.7380953e-01
   2.1011063e-01
   6.4710887e-01
   3.2984677e-01
  -5.2650269e-01
  -2.1368231e-01
   9.7277495e-02
  -3.1668123e-01
   1.6557798e-01
   2.0405782e-01
  -2.5680516e-01
  -1.5734881e-01
  -8.5281596e-01
   1.0162243e-01
  -7.5654245e-01
  -6.2030816e-01
   4.0962674e-01
   8.8557443e-02
  -4.3313860e-01
  -1.1939993e+00
  -3.6457913e-01
  -8.0858835e-03
   4.0114685e-01
   1.1859927e+00
   3.9908599e-01
  -6.3250894e-01
   5.4794051e-01
  -9.1885414e-02
   9.7031102e-02
   7.4233086e-01
  -4.8039803e-01
   9.7865143e-02
  -8.9526425e-01
  -1.5534082e+00
  -4.3103135e-01
   4.6752999e-01
   1.1062676e+00
   1.5344192e+00
   1.5179353e+00
   7.7269532e-01
   1.4116616e+00
   1.4661020e+00
   1.2213597e+00
   1.0571397e-01
   4.8354750e-01
   9.3195820e-01
   5.7989505e-01
  -1.7128765e-01
   5.4598758e-01
   5.3518766e-01
   1.1207430e+00
   1.4531427e+00
   1.9966757e+00
   1.9499144e+00
   5.9492110e-01
   6.5037398e-01
   1.7936689e+00
   2.3855983e+00
   2.0697542e+00
   7.6874372e-01
   1.5476521e+00
   1.1447768e+00
   5.9860234e-01
   1.8281401e-01
  -3.1067991e-01
  -7.6932243e-01
   2.1309758e-01
   6.6188531e-01
   4.0903089e-01
   4.8689060e-01
   2.2710124e-02
  -1.5424563e-02
  -6.1118314e-01
   4.0606259e-01
  -3.4171711e-01
  -1.3845240e-01
  -4.2127214e-01
  -9.8230352e-01
   4.8699500e-01
   7.7521209e-01
   5.0160822e-01
   1.2658221e+00
   1.3191193e+00
   7.1497034e-01
   9.7488078e-01
   3.8261804e-01
  -4.4998247e-01
   8.1160694e-01
  -2.7104557e-01
   9.7702835e-01
   9.8508149e-01
   1.2868032e+00
   1.2519702e+00
   1.1489358e+00
   4.9477007e-01
  -2.9628611e-01
   5.9635364e-01
   1.2897874e+00
   1.6417280e+00
   1.3033391e+00
   7.8007824e-01
   8.0481327e-01
   4.1884797e-01
  -5.1298134e-02
   4.7007346e-01
  -5.1013534e-01
   4.0949673e-01
   3.6612886e-01
   1.4000772e+00
   2.0420297e+00
   6.1485931e-01
   1.6373914e+00
   2.1561226e-01
   9.4666787e-01
   1.3870196e+00
   1.2055223e-01
   1.0588396e+00
   7.9729399e-01
   9.7662181e-02
   8.6914560e-01
   9.1991206e-01
   1.4125662e+00
   1.8579747e-01
   1.3856541e-01
  -2.8732541e-01
   3.5483669e-01
  -4.4567050e-01
  -1.0734860e-01
  -7.9677182e-01
  -1.4348630e+00
  -1.7774099e+00
  -1.8080763e+00
  -1.1814967e+00
  -5.9527500e-01
  -5.5612678e-01
  -3.0326097e-01
  -6.9235404e-01
  -4.9776198e-02
  -9.9198174e-01
  -6.5363656e-01
   5.9549082e-01
  -2.2052634e-01
  -1.8393625e-01
   5.5871877e-01
  -1.7019394e-01
   3.5178697e-01
   1.0277406e+00
   9.5148413e-01
   1.4406034e+00
   1.9192551e+00
   2.2848155e+00
   1.9834372e+00
   1.7428597e+00
   1.2287576e+00
   3.3743014e-01
   1.6569214e-01
   3.3693072e-01
   4.5459628e-01
   1.0628215e+00
   1.8095422e+00
   1.6279879e+00
   2.2523013e+00
   1.6158893e+00
   8.6912244e-01
   2.5428446e-02
  -2.7396657e-01
  -1.7536395e-01
   1.0228811e+00
  -2.9896337e-01
   1.0906535e+00
   1.2065896e-01
   2.8966345e-02
   1.8943889e-02
   7.7135979e-01
   6.1355006e-01
   6.4055393e-01
   1.0226504e+00
   3.1331411e-01
   1.4876508e+00
   4.8280426e-01
   5.3218548e-01
   4.3211829e-01
   5.0542665e-01
  -4.7447461e-01
   9.4069789e-01
  -2.4224912e-01
   2.2508211e-02
   6.3976869e-01
   7.3970939e-01
  -1.0763485e-02
   4.4665268e-01
  -3.3537830e-01
  -4.8533478e-01
   1.6798542e-01
   8.7739344e-01
  -4.8102878e-01
  -3.8203566e-01
   5.3937773e-01
  -4.1173534e-01
  -5.8238884e-01
   2.7715656e-03
   2.0057762e-01
  -8.5874619e-01
   3.4281994e-01
   6.9893533e-01
  -6.6478547e-01
   2.2518382e-01
  -2.9302219e-01
   4.0287158e-01
  -6.0489796e-01
  -9.3359172e-01
  -5.4812981e-01
   4.2620534e-01
   3.5086034e-01
  -4.1599653e-03
   7.2155222e-01
   8.7343421e-01
   4.4484021e-01
   3.1330268e-01
   1.1504324e+00
   1.1065608e+00
   2.4805814e-02
  -4.0770829e-01
  -8.9259501e-01
  -3.5735461e-01
   5.5194057e-01
  -2.7160309e-01
  -1.1772503e+00
  -1.4264268e+00
  -9.4436672e-01
   1.3885555e-01
   7.1207549e-01
   1.4002408e+00
   1.3759748e+00
   1.7440799e+00
   9.1145429e-01
   1.2453545e+00
   5.2155147e-01
   1.1882838e+00
   3.0213124e-01
   2.5290666e-01
   6.7466116e-01
   6.9147976e-01
   4.0385819e-02
   5.5827544e-01
  -3.0726028e-01
  -7.0822940e-03
  -3.6781069e-01
   4.5053258e-02
  -4.1363402e-01
   4.1499515e-01
  -4.8730516e-01
   3.4298596e-01
   2.9442470e-01
   3.7704725e-01
   3.4713666e-01
  -5.2058585e-01
  -6.0894040e-01
   4.7814505e-01
   1.2588996e-01
  -8.8218740e-01
   3.8923351e-01
  -3.2185289e-01
  -6.6515122e-01
  -9.7964787e-01
  -4.2456520e-01
  -1.9299215e-01
   5.8160987e-01
  -3.4269058e-01
  -6.6394303e-01
  -1.9804692e-01
   6.9498744e-01
   4.0035144e-01
   5.9784041e-01
   7.9391754e-01
   1.5220711e+00
   1.2795863e+00
   8.2876821e-01
   1.0517492e+00
   1.8941852e+00
   1.1759803e+00
   2.0306341e+00
   1.5682257e+00
   1.3657163e+00
   9.4814591e-01
   1.7014367e+00
   1.4715048e+00
   1.9241836e+00
   1.5176237e+00
   4.6989768e-01
  -4.8476160e-02
   9.7192396e-01
   3.5166224e-01
   5.9759032e-01
  -1.6882838e-01
  -3.1802447e-02
  -7.7693957e-01
   3.3459653e-01
   4.3101606e-01
   9.1823052e-01
   1.7723423e+00
   2.9553561e-01
   9.2816820e-01
   1.8949032e+00
   4.7903045e-01
   5.0446590e-01
  -1.9738708e-01
   5.7712327e-01
   1.1997693e-01
  -7.1823741e-01
  -9.5012743e-01
  -1.1435923e+00
  -2.7631847e-01
  -4.6361472e-01
  -1.2684997e+00
  -3.8072007e-01
   4.6634809e-01
  -7.2006502e-01
  -6.8681077e-01
  -7.0721944e-01
  -4.7184545e-01
   4.9458036e-01
   4.9600036e-01
  -4.0122602e-01
  -1.1597983e+00
  -1.8042404e-02
  -2.6017045e-01
   6.2402459e-01
   1.4063182e+00
   5.9338263e-01
   1.0595187e-01
  -2.0685207e-01
  -3.2063615e-01
   1.2192133e-01
   3.0508552e-01
   6.0545846e-01
   1.4460342e+00
   4.4438877e-01
  -3.0136434e-01
   9.2826791e-01
   1.1466272e-01
  -9.3706706e-02
   3.9861029e-01
  -9.5353097e-02
  -6.4317354e-01
  -8.8968343e-01
  -1.1222590e+00
  -1.6331357e+00
  -1.8917950e+00
  -1.2081405e+00
  -5.5313631e-01
  -1.1926985e-01
   6.6544010e-01
  -8.6078575e-01
  -4.1010784e-01
  -2.0080677e-01
   1.5725237e-01
   5.7158809e-01
   9.6971146e-01
   6.2316959e-01
   6.5427772e-02
  -8.1792600e-01
  -9.4046863e-01
   5.2782579e-01
  -3.2150077e-02
   5.6495821e-01
   1.1478768e+00
  -2.2770751e-01
  -6.9526093e-02
   7.9334638e-01
   4.1208299e-01
   5.2798088e-01
  -2.3466974e-01
  -6.4534568e-03
  -6.8293831e-01
   1.6304436e-01
   7.4721964e-02
   3.4971826e-01
  -7.7484695e-01
  -7.9851558e-01
  -6.1306322e-01
  -1.3349628e+00
  -4.7603440e-01
  -1.4741666e+00
  -1.4241652e+00
  -2.0066817e+00
  -1.7308197e+00
  -1.5794950e+00
  -1.6629586e+00
  -4.8339292e-01
  -1.2525291e+00
  -1.9959865e+00
  -1.9183748e+00
  -2.2173310e+00
  -1.2606183e+00
  -5.7741472e-01
  -1.1763572e+00
  -4.5219538e-01
  -1.5886346e-02
  -1.2134249e+00
  -1.3408946e+00
  -1.5819524e+00
  -1.5068183e+00
  -3.7272047e-01
  -2.8665249e-02
  -9.2162544e-01
  -8.9719155e-01
  -1.2828893e+00
  -1.2127363e+00
  -5.8231020e-01
   1.2956530e-02
   4.1396692e-01
  -2.1493354e-01
   4.2243350e-02
  -8.8210037e-01
  -1.0134599e+00
  -1.8130491e+00
  -7.0910665e-01
  -7.9821939e-01
  -1.7949746e+00
  -2.2006804e+00
  -6.3087488e-01
  -5.4879574e-01
  -1.2836865e+00
  -1.1833946e-01
  -5.6253481e-01
  -1.6211647e+00
  -3.1217613e-01
   5.5217830e-01
   3.6218226e-01
   5.2239724e-01
   1.5616411e-01
   4.1676931e-01
  -1.2042488e-01
  -3.4295360e-01
  -2.1958934e-01
  -1.2220157e+00
   2.6350260e-01
  -4.2074573e-01
  -9.3862003e-01
  -4.1359820e-01
  -5.4130312e-01
  -6.7237876e-01
  -7.6510867e-01
  -1.6456930e-01
  -1.1757729e+00
  -1.1400793e+00
  -3.1678157e-01
  -1.2267091e+00
  -5.9987166e-01
  -1.1759955e+00
  -4.5755807e-01
  -1.0588483e+00
  -9.6363379e-01
  -2.8416857e-02
   4.1924229e-01
  -3.5280228e-02
  -5.2970259e-01
  -3.3395661e-01
  -2.1125889e-01
   6.5441552e-01
  -2.5743694e-01
  -6.9035780e-01
  -2.2535507e-01
   5.9213199e-01
   6.8708926e-01
  -3.3179696e-01
  -1.0643715e+00
  -1.3634572e-01
   3.7673735e-01
  -4.0066839e-01
   4.5469524e-01
   4.6553866e-01
   4.7689868e-01
   1.2780847e+00
   3.0916868e-01
   5.4848886e-01
   4.8423972e-01
   1.1664710e+00
   9.6073462e-01
   9.0477590e-01
   6.7583008e-01
   1.5331343e+00
   7.3753119e-01
  -2.7762820e-02
  -6.6698257e-01
   8.5842043e-02
   3.5254530e-01
   9.1467332e-01
   5.2299685e-01
  -4.8952067e-01
  -1.0261084e+00
   2.7889416e-01
  -8.3072031e-01
   2.4012132e-01
   1.4792888e-02
  -6.0562239e-01
   7.2748169e-01
   5.1130512e-01
  -3.1972191e-01
   6.9367716e-01
   9.2759068e-01
   1.3498757e+00
   1.9197711e-01
   3.5532685e-01
   3.0662475e-01
   7.8963499e-01
   1.6369421e+00
   1.4451191e+00
   1.4614444e+00
   1.9467364e+00
   1.4524737e+00
   1.1223766e+00
   4.6756297e-01
   7.5825989e-01
   1.3148029e+00
   6.8524454e-01
   5.7844436e-01
   6.5835458e-01
  -1.2041360e-01
   1.2226920e+00
   4.6483089e-01
  -2.9157812e-01
   1.0230404e+00
   1.1256661e+00
   6.7102317e-01
   1.3589020e+00
   3.0792332e-01
   3.0452168e-01
   9.8604479e-01
   1.0175865e+00
   2.7660148e-01
   7.8947286e-02
   5.2060056e-01
   1.1471279e-01
   5.3298724e-01
   5.0470200e-01
   4.8614836e-01
   7.3250124e-01
   1.5803114e+00
   5.0299952e-01
   1.6241973e+00
   2.0449546e+00
   1.7401435e+00
   7.6763978e-01
   1.7629101e+00
   6.0919329e-01
   1.7492661e+00
   1.6704906e+00
   1.6379872e+00
   3.3273849e-01
   1.2493669e+00
   2.0035390e+00
   4.0878677e-01
   7.0733433e-01
   1.0667910e+00
   4.2867023e-01
   3.6025703e-01
   1.5688458e+00
   7.4874494e-01
   8.9002802e-01
   2.3130768e-01
  -3.7164069e-01
   1.1128630e+00
   2.0800451e-01
  -4.7039879e-01
  -1.0298696e+00
  -9.8664245e-01
   4.2828594e-02
  -1.4047533e-01
  -6.8103905e-02
  -2.2727856e-02
  -8.8216108e-01
   5.5254465e-01
   1.4898950e-01
  -4.1588268e-01
   7.8179818e-01
  -1.3996494e-01
  -7.0669760e-01
  -8.2218650e-01
  -1.0316226e-01
   1.0658508e-01
  -2.3338874e-01
   8.1762452e-01
   1.1897830e+00
  -2.5097198e-01
   7.0327507e-01
   2.7188844e-01
   1.2324720e-01
  -8.8329357e-01
  -9.2451709e-01
  -9.6928175e-01
  -7.9299200e-01
  -1.1425556e-01
  -1.2744240e+00
  -1.4201739e+00
  -1.1778469e+00
  -1.8089182e+00
  -4.4926074e-01
  -6.8215516e-01
  -1.0884742e+00
  -1.2911963e-01
   9.7343102e-02
  -7.3734120e-02
  -8.8382431e-01
   2.5017733e-01
   6.9519832e-01
   4.1916759e-02
  -4.4463367e-02
   1.9428964e-01
   4.2017265e-01
   8.0479638e-01
   3.7011921e-01
   5.8694225e-01
  -6.1030671e-02
  -8.7291600e-02
  -5.3781639e-01
  -1.0649497e+00
  -1.2799368e+00
   6.7178523e-02
   6.9828411e-02
   3.3134639e-01
   9.2220377e-01
   4.7233115e-01
  -2.8642364e-02
  -1.3036724e-01
  -8.7328950e-01
  -4.6447727e-01
   7.2109207e-01
  -4.1250584e-02
  -3.9494503e-01
   4.4523751e-01
  -5.2093437e-01
  -1.0654564e+00
  -1.3805539e+00
  -5.2821242e-03
   4.3486026e-01
  -5.4495837e-02
  -6.1480479e-01
  -1.3770690e-01
   9.1366829e-01
   7.4847068e-01
  -1.5176701e-01
   5.9678930e-01
  -7.0408756e-01
   2.7212106e-01
  -4.6708233e-01
  -9.6637943e-01
   4.8104360e-01
   4.5099500e-01
  -7.6430856e-01
  -1.2258888e+00
  -9.5439087e-01
  -7.9416682e-02
  -9.5528601e-01
  -1.7442147e+00
  -3.8878382e-01
  -1.0103577e+00
  -1.0551762e+00
  -4.1262252e-01
   3.2339242e-01
   3.7326774e-01
  -7.2242111e-01
  -3.2996412e-01
   1.0764771e-01
  -4.7634322e-01
  -3.4752280e-01
  -4.2143908e-01
  -3.2212927e-01
  -6.0056902e-01
  -1.4153503e-01
   6.0510434e-01
   1.0358238e+00
   6.1834417e-01
   1.3968945e+00
   1.0879139e+00
  -3.0077572e-01
  -7.0295267e-01
  -3.8638478e-01
   2.5329280e-02
  -8.1681154e-01
  -1.1413569e+00
   3.4800608e-01
  -3.0716873e-01
  -4.4589394e-01
  -1.0966798e+00
  -6.4514809e-01
  -1.4088461e+00
  -1.1501325e+00
  -1.7872312e+00
  -1.1940022e+00
  -2.0483731e+00
  -1.2259882e+00
  -1.3059060e+00
  -1.5491492e+00
  -1.7758428e+00
  -1.4175021e+00
  -1.3371089e+00
  -5.3622313e-01
  -7.8979800e-01
  -7.9526379e-01
  -1.4323848e+00
  -9.8835465e-01
  -6.9782114e-01
  -4.2905607e-01
  -3.8624776e-01
   6.2168851e-02
  -9.4899140e-01
  -2.4010152e-02
   8.6837834e-01
   6.3939519e-01
  -5.5283945e-01
  -1.8139279e-01
  -9.5741581e-01
   3.0125858e-01
   5.7049382e-01
   1.0055783e+00
  -1.8744959e-01
  -1.7200687e-01
  -4.2452112e-01
  -7.5778800e-01
  -1.5186971e+00
  -1.2837533e+00
  -1.7540045e+00
  -2.0861548e+00
  -1.7861798e+00
  -1.1415292e+00
  -4.7184542e-01
  -8.4239166e-01
  -1.5534668e+00
  -1.5139711e+00
  -1.8639008e-01
  -5.8991982e-01
   1.4262053e-01
  -9.5072434e-01
  -9.2519544e-01
   1.6426237e-01
   8.6783895e-01
   2.1753822e-01
  -3.3358997e-01
  -8.9970030e-01
  -1.0417951e+00
   1.0887325e-01
  -1.0983556e+00
  -1.3824422e+00
  -2.0539510e+00
  -3.9301138e-01
  -1.4505918e+00
  -2.7548694e-01
  -1.2636011e+00
  -1.7154819e+00
  -2.0173297e+00
  -9.6273744e-01
  -8.4436054e-01
  -5.6583943e-01
   1.3889915e-01
  -1.9953786e-02
   7.0307274e-01
  -2.6482764e-01
   2.8961268e-01
  -7.1627150e-01
  -2.8405977e-01
  -1.9344826e-02
   4.9080425e-01
  -2.3538373e-01
  -5.6933599e-01
  -9.4810005e-01
   2.3210743e-01
   4.1716142e-01
   5.3800437e-01
  -5.2017489e-01
   9.4058994e-02
  -9.3701658e-01
  -1.6334142e+00
  -1.0114008e+00
  -5.0114355e-01
  -1.1363518e+00
  -1.7000043e+00
  -1.8178842e+00
  -5.6805083e-01
   8.5647968e-02
   3.0525754e-02
   5.9626609e-01
   1.1774058e+00
   1.5497870e+00
   1.7302739e+00
   1.1684531e+00
   1.5251402e+00
   5.1189759e-01
   1.9962056e-01
   7.0180023e-01
  -1.3804422e-01
  -6.3092456e-01
  -1.7270622e-01
  -1.1562532e+00
  -1.4529737e+00
  -8.5485311e-01
  -8.4403782e-01
  -9.0115277e-01
  -6.9321292e-04
  -8.8971097e-01
  -3.0686921e-01
   5.7449916e-01
  -8.5074274e-01
   2.4056697e-01
  -1.4330704e-01
  -3.0729191e-01
   4.7664552e-03
   4.2661965e-01
   1.2583289e+00
   1.6278737e+00
  -6.1398692e-02
  -1.6523136e-01
   3.6161059e-01
  -8.0618909e-01
  -1.9353967e-01
  -7.9546929e-02
   1.5846197e-01
  -7.3853194e-01
  -5.7732770e-01
  -5.9525449e-01
   4.3050224e-01
  -7.8992041e-02
  -8.1663057e-01
   1.7972869e-01
  -1.7250685e-01
  -4.4276235e-01
   1.5108466e-01
   2.2771636e-01
  -8.6115788e-01
  -1.3573917e+00
  -1.1700699e+00
  -7.3304821e-01
  -1.2628800e-01
   7.6254563e-01
   2.3836574e-01
  -1.0499234e+00
  -3.3918971e-02
  -4.6505686e-01
  -8.5385816e-01
   1.2321389e-01
  -9.7313020e-01
  -9.8088838e-01
  -4.0833448e-01
  -1.4745211e+00
  -1.4534765e+00
  -6.9205675e-02
   2.4005662e-02
  -1.1446308e+00
  -1.3794478e+00
  -1.8006993e+00
  -1.8269249e+00
  -8.0025090e-01
  -4.0845276e-01
  -3.8155107e-01
  -1.5356707e+00
  -4.0224117e-01
  -1.1250763e+00
  -9.8164855e-01
  -1.8841389e+00
  -1.1089123e+00
  -1.2192486e+00
  -5.3060882e-01
  -9.2186903e-01
  -3.5246460e-02
  -5.2444459e-01
  -8.6997728e-01
  -1.6403044e+00
  -1.8138928e-01
   5.0901564e-01
  -1.0280685e-01
  -1.0333986e-01
  -2.3768477e-01
   7.9713191e-01
  -7.2738134e-01
  -1.0523871e+00
  -1.0953187e+00
  -1.6765123e+00
  -6.7560956e-01
  -4.1808778e-01
  -1.2190946e+00
  -1.0495540e+00
  -1.4081356e+00
  -2.2324501e+00
  -2.4896229e+00
  -1.7515837e+00
  -6.7062397e-01
  -3.4775197e-02
  -2.7505331e-02
  -9.4540425e-01
  -7.6017527e-01
  -5.4667353e-02
   1.0132461e-01
  -1.2935974e+00
  -1.4327960e+00
  -1.8036230e+00
  -2.0430441e+00
  -2.4667247e+00
  -2.9165155e+00
  -2.4606219e+00
  -2.6386701e+00
  -3.0484221e+00
  -2.6054932e+00
  -2.7349387e+00
  -1.5783295e+00
  -2.7041750e+00
  -1.2481998e+00
  -4.2885079e-01
   1.1715427e-01
   2.3584216e-01
  -1.3095563e+00
  -1.5539620e+00
  -7.8892875e-01
  -1.7706180e+00
  -5.1126906e-01
  -8.3110915e-01
   1.3942133e-01
  -4.7641023e-01
   5.8499568e-02
  -1.2247141e+00
  -7.4413257e-01
  -9.1920755e-01
  -6.6233420e-01
  -1.2855111e+00
  -3.6867099e-01
  -1.4926866e+00
  -1.8144221e+00
  -1.4245193e+00
  -2.9215221e-01
  -1.5583002e+00
  -1.4384221e+00
  -1.8586998e+00
  -8.7106046e-01
  -9.5829075e-01
  -4.4589050e-01
  -1.2706365e+00
  -4.7886183e-01
  -1.6588508e+00
  -8.5097892e-01
   1.3123686e-01
  -7.1775603e-01
  -1.1048734e+00
  -8.1931555e-01
  -3.0747904e-01
  -9.5787049e-01
  -1.6748614e-01
   2.8186031e-01
  -1.5685569e-01
  -4.5192824e-01
  -1.2474520e+00
  -7.7252368e-01
  -1.3678428e+00
  -1.2831052e+00
  -1.7190220e+00
  -9.7178122e-01
  -2.3665520e-01
  -1.0265538e+00
  -1.2134473e+00
  -9.1481130e-01
  -1.2564894e+00
  -2.1668024e-01
  -1.0813379e+00
  -1.1899731e+00
  -1.3941624e+00
  -1.4235254e+00
  -1.7004244e+00
  -1.1107998e+00
  -1.5529283e+00
  -3.4152135e-01
  -8.4543782e-01
  -1.5523936e+00
  -2.3050169e+00
  -1.1896030e+00
  -1.3074517e+00
  -2.1698313e+00
  -2.8204617e+00
  -2.8130708e+00
  -1.6245851e+00
  -9.4171200e-01
  -1.9830100e+00
  -1.4369531e+00
  -1.2244566e+00
  -1.9526304e+00
  -1.2287436e+00
  -1.9023236e-01
   4.5086306e-02
   1.5724045e-01
  -5.1152891e-01
  -1.6891004e+00
  -1.4319417e+00
  -1.5870166e+00
  -7.3641777e-01
  -1.0232016e+00
  -5.7668359e-01
   2.5647042e-01
   2.1440147e-01
  -9.6734144e-01
  -1.1917275e+00
  -3.2318554e-01
  -9.9130149e-01
  -2.3763393e-01
  -1.0719850e+00
  -1.1862147e+00
  -3.6641168e-02
   6.8396931e-01
   6.5539356e-01
   4.4753861e-01
  -8.3322637e-01
  -9.4026734e-01
  -1.2661764e+00
  -8.9941334e-01
  -4.0758685e-01
  -1.1625139e+00
  -5.9308960e-01
  -1.4755824e+00
  -3.9276369e-01
  -1.2799746e+00
  -8.3505574e-01
  -4.9611909e-01
  -5.6863617e-02
  -2.2613617e-01
  -6.0558668e-01
  -1.2029499e+00
  -6.6930894e-01
   6.1050428e-02
   3.0905358e-01
   5.2731581e-01
   5.7601004e-01
   9.2250228e-01
  -2.1869726e-01
  -8.1842314e-01
  -1.1518825e+00
  -2.2068037e-01
   5.8730545e-01
  -4.4999256e-01
  -7.1526042e-01
  -9.6809373e-02
  -1.2915177e+00
  -7.9441273e-01
  -4.3252858e-01
  -6.2366994e-01
  -1.6196655e+00
  -1.0473346e-01
  -1.3498737e+00
  -2.0739454e+00
  -2.3236486e+00
  -2.1786705e+00
  -1.2722241e+00
  -2.1024324e+00
  -1.6987332e+00
  -2.3914787e+00
  -1.5167740e+00
  -1.9432916e+00
  -1.8050734e+00
  -1.2929389e+00
  -2.3628682e+00
  -1.0586397e+00
  -1.7231181e-01
  -1.3394385e+00
  -1.9902335e+00
  -2.2204463e+00
  -1.6890825e+00
  -6.9998810e-01
  -1.3892094e+00
  -1.4317896e+00
  -1.4248904e+00
  -1.1495422e+00
  -7.0670302e-01
  -4.4103342e-01
  -1.2433875e+00
  -1.9751947e+00
  -2.4199544e+00
  -2.7464358e+00
  -2.4988503e+00
  -1.6096552e+00
  -1.8890681e+00
  -1.3164811e+00
  -1.7096217e+00
  -2.6839477e+00
  -2.8955920e+00
  -1.5587759e+00
  -1.5206073e+00
  -2.6299117e+00
  -2.9149812e+00
  -3.1275153e+00
  -3.4890428e+00
  -2.3102239e+00
  -2.8076542e+00
  -1.9522419e+00
  -1.9083777e+00
  -9.7894533e-01
  -2.6197476e-01
  -1.8673605e+00
  -6.0722818e-01
  -1.3392019e+00
  -1.4662716e+00
  -9.0655641e-01
  -1.5008265e-01
  -5.0201175e-01
  -1.5972675e+00
  -1.2818134e+00
  -1.0717427e+00
  -1.8061704e+00
  -1.9574969e+00
  -6.4864649e-01
   1.6425425e-02
  -1.1365183e+00
  -4.0898234e-01
  -1.1542299e+00
  -4.0908415e-01
  -8.2020688e-01
  -6.1372120e-01
  -6.0975556e-01
  -7.0637908e-01
  -1.8077825e+00
  -1.5782776e+00
  -2.3833440e+00
  -2.9304387e+00
  -2.2977114e+00
  -1.9401532e+00
  -8.1298708e-01
  -5.4003441e-01
  -1.6539873e+00
  -1.2002968e+00
  -6.6594029e-01
  -1.6832156e+00
  -1.2714263e+00
  -2.8882341e-01
  -7.5207116e-01
  -2.6030059e-01
  -2.8185980e-01
  -1.5438490e+00
  -2.1578207e+00
  -1.7104954e+00
  -1.6507524e+00
  -4.1947053e-01
  -6.7188851e-01
   1.0100686e-01
  -1.2008972e+00
  -1.7984005e+00
  -1.6826167e+00
  -1.0377808e+00
  -3.6087183e-02
  -1.4906305e+00
  -2.1648394e+00
  -2.5896303e+00
  -1.6327120e+00
  -6.2615620e-01
  -1.9187986e+00
  -1.4378821e+00
  -1.9614457e+00
  -6.6698184e-01
  -1.1618375e+00
  -1.1898136e+00
  -1.1431745e+00
  -9.6838994e-01
  -1.3298300e+00
  -2.1089553e+00
  -1.4618713e+00
  -1.3333640e+00
  -1.3191610e+00
  -2.0929344e+00
  -2.1420527e+00
  -1.7930982e+00
  -1.1308954e+00
  -7.8362542e-01
  -5.7254132e-01
  -1.0259768e+00
  -8.9124703e-01
  -1.5052248e+00
  -1.0925546e+00
  -8.3177700e-01
  -8.8585011e-02
  -2.5757000e-01
   5.4718878e-01
   9.2139495e-01
  -8.2101248e-01
   3.1072126e-01
  -5.8478363e-01
   5.0403260e-01
   5.5986657e-01
   6.3402660e-01
   1.1439578e+00
   4.4949416e-01
   1.3161778e+00
   1.3905696e+00
   9.6827328e-01
   1.1045858e-02
   1.8626220e-01
  -7.1050325e-01
  -5.3941046e-01
  -7.7636217e-01
   5.6376116e-02
   5.4406552e-01
   2.9929449e-01
   5.5482399e-01
  -6.9372946e-01
  -8.6847124e-01
  -1.5694049e+00
  -1.7779754e-01
  -7.9298891e-01
   9.5885469e-02
  -3.7562484e-01
  -5.4823110e-01
  -6.4336937e-01
   4.7810368e-01
   3.1775494e-01
  -6.4100223e-01
  -2.8589553e-01
   7.2765545e-01
   6.6764026e-01
  -7.5520507e-01
  -6.6365011e-01
  -2.1417607e-01
  -7.9644114e-01
   1.4214073e-01
  -5.3625765e-01
  -1.0787092e+00
  -1.3680016e+00
  -1.4904536e+00
  -4.1067803e-01
  -4.4684807e-01
  -5.3880046e-01
  -3.3261766e-01
  -8.0396529e-02
  -7.7707789e-02
   6.9153974e-01
   2.4299944e-01
   7.7842062e-01
   1.3213087e+00
   9.6966169e-01
   1.4050820e+00
   2.6513594e-01
   2.3585627e-01
  -3.9248605e-03
  -1.1494962e-01
  -3.3804531e-02
  -9.3194936e-01
  -3.8212054e-01
  -1.3549539e+00
  -2.0065123e+00
  -1.2205412e+00
  -1.8580260e+00
  -9.7359850e-01
  -3.6792094e-01
  -1.1313506e+00
  -1.5051023e+00
  -1.5787225e-01
  -7.7114137e-01
  -8.2027034e-01
   5.4450824e-02
  -1.1149935e+00
  -1.1207689e+00
  -1.2463301e-01
   1.4976814e-01
   4.0675226e-01
  -5.3226980e-01
   1.1640534e-01
  -6.5998935e-01
  -6.2803396e-01
  -1.5345055e+00
  -1.0532251e+00
  -1.0837132e+00
  -7.2314395e-02
  -1.0566701e+00
  -1.9418861e+00
  -1.1804752e+00
  -9.0255463e-01
  -7.2557611e-01
  -1.1326186e+00
  -8.6342441e-01
  -1.0684701e+00
   9.2442428e-03
   4.9669724e-01
   1.0688836e+00
   2.0316486e-01
   9.4048382e-01
   4.0321433e-01
   5.4453541e-01
   3.7450485e-01
   1.2652181e+00
   1.6390417e+00
   1.2925894e+00
   5.7535738e-01
   8.5307974e-02
   1.0941066e+00
  -1.2978907e-01
  -4.1365512e-01
   6.2840833e-01
   8.7649268e-01
   8.5789613e-01
   7.7667930e-02
   6.6119170e-01
   1.3414958e+00
   8.8602291e-01
   7.8609509e-01
   1.4739164e+00
   1.8167141e+00
   1.4929258e+00
   1.1172706e+00
  -1.0857133e-01
  -2.5557586e-01
   2.2956471e-01
   9.7151698e-01
   1.1223865e+00
   4.4937587e-01
   2.4348949e-01
   4.0953896e-01
  -3.0092568e-01
  -1.9374026e-01
  -2.2621486e-01
  -7.4650399e-01
  -8.7127795e-01
  -1.0808670e+00
  -1.1339467e+00
  -6.9442260e-01
   1.4113428e-01
  -5.4621718e-01
   3.7874942e-01
   6.7522864e-01
  -8.1350540e-02
  -5.8223321e-01
   1.5933075e-01
  -1.0165348e-01
  -5.3559365e-01
   5.3928068e-01
   6.6856169e-01
   9.1519241e-01
   5.1729592e-02
   3.4150564e-01
  -4.5315553e-01
  -9.9922864e-01
  -1.6640114e-01
  -8.0240159e-01
   2.0607263e-02
  -1.0412024e+00
  -1.2913086e+00
  -1.1928580e+00
  -6.7677611e-01
  -8.2034007e-01
  -4.6779777e-01
  -6.4119042e-01
  -7.8252909e-01
  -1.8011804e-01
   5.0130177e-01
  -4.1643015e-01
  -1.3980065e+00
  -6.0834226e-01
   1.5904918e-01
   4.8456511e-01
   7.2239536e-02
   7.0813476e-01
  -2.1242136e-01
  -4.4561964e-01
   7.3859437e-01
   2.7835716e-01
   2.0079724e-01
  -8.5704824e-01
  -2.4329451e-01
   1.6471449e-01
   5.6036528e-01
   6.6013088e-01
  -1.6173902e-02
   1.0886284e+00
   6.8229254e-01
   1.1474292e+00
   5.4819822e-01
   4.0012851e-01
   8.7208531e-01
   7.8797921e-01
  -1.5334163e-02
  -4.6645002e-01
  -4.7790879e-01
   6.4365852e-02
   3.4020386e-01
  -8.0264317e-01
   6.3055317e-01
   9.9231485e-02
  -4.0867987e-01
  -7.6011878e-01
  -1.4668321e+00
  -8.0927432e-01
  -3.3017380e-01
  -1.0164110e+00
  -1.3593424e+00
  -1.9263816e+00
  -1.2684628e+00
  -1.3801758e+00
  -2.1246196e+00
  -1.2560632e+00
  -9.6640198e-02
  -4.7982500e-01
  -7.9120387e-01
   3.3755163e-01
   3.6303718e-02
   2.0565636e-01
   1.8808671e-03
   6.0013649e-01
   9.5527422e-01
  -1.2279927e-01
  -9.5751886e-01
  -6.7154106e-01
   9.8536364e-02
  -6.0999275e-01
   5.0087491e-01
   1.0114408e-01
  -6.2691422e-02
   4.2639698e-01
   1.0900462e+00
   7.3003200e-01
   3.4190835e-01
   8.5200196e-01
   9.8211845e-01
   8.8567338e-01
  -1.8689894e-01
  -2.0659086e-01
   3.6300455e-01
   9.1167224e-01
  -3.1555806e-01
  -5.9348452e-01
  -1.3054473e+00
  -8.9621846e-01
  -5.4976323e-01
  -1.0039403e+00
  -1.6081674e+00
  -1.0148073e+00
   1.2382434e-01
  -9.8508326e-01
  -6.8759190e-01
  -1.2388292e+00
  -7.8866065e-01
  -1.2411485e+00
  -6.6978350e-01
  -1.7404844e+00
  -2.3844020e+00
  -1.1825783e+00
  -2.0002717e+00
  -9.8926818e-01
  -4.6879199e-01
  -1.4788652e+00
  -2.2793040e+00
  -2.6886023e+00
  -2.2843177e+00
  -2.0197700e+00
  -2.7945363e+00
  -1.4896470e+00
  -8.8143542e-01
  -3.5348606e-01
  -2.5443869e-01
  -3.8307407e-01
  -2.8826120e-02
  -9.9010219e-01
  -1.7502429e+00
  -1.9296469e+00
  -2.2556308e+00
  -1.4605804e+00
  -1.0551642e+00
  -1.6891223e+00
  -2.2792631e+00
  -1.1232190e+00
  -9.4690393e-01
  -1.0564955e+00
  -2.1650037e+00
  -2.7664160e+00
  -1.3806362e+00
  -2.1818757e+00
  -9.9838114e-01
  -4.5818554e-01
  -7.2671361e-01
   1.9294131e-01
  -1.7031452e-01
   6.4522038e-01
   1.0821122e+00
  -3.1073547e-01
  -5.7460115e-01
  -7.9103638e-01
   4.7950136e-02
   3.9314952e-01
   3.2666817e-01
   5.3301843e-01
   1.0342331e+00
   1.4008989e+00
   1.7124542e+00
   1.4423943e+00
   1.3344262e+00
   2.3910349e-02
   4.1947729e-01
   9.0506717e-01
   6.4989372e-01
   1.3718267e+00
   1.7972132e+00
   1.1113348e+00
   6.6204873e-01
   8.6229205e-01
   1.7420178e+00
   2.0313579e+00
   1.9574394e+00
   1.1976013e+00
   1.8117029e+00
   1.4505121e+00
   2.1218945e+00
   8.3556660e-01
   7.1939846e-01
   1.7484833e+00
   2.1758824e+00
   2.2166773e+00
   8.4022330e-01
   7.1053319e-01
   4.3325584e-02
   1.1336049e+00
  -2.7501247e-02
  -1.1743566e-02
  -2.5290397e-01
   4.9421193e-01
   4.6222025e-01
   3.8750766e-01
  -3.4739408e-01
   3.3908279e-01
   5.0675729e-01
   4.0092853e-01
   6.7053199e-01
   6.9936721e-01
  -3.6892493e-01
   9.5642299e-01
  -3.2001909e-01
   2.5433302e-02
   9.2427688e-01
  -5.6046863e-02
  -9.9369018e-01
  -6.1900972e-01
  -1.0006468e+00
  -1.6115091e+00
  -1.2275964e-01
   6.9933479e-01
   1.0191950e+00
   3.5375809e-01
  -1.3856065e-01
   2.4380775e-01
   3.9369274e-01
   1.2245211e+00
   2.7759784e-01
   1.0630517e+00
   6.6357981e-01
   7.3582503e-01
   1.2503063e+00
   1.1959381e+00
   1.3528603e+00
   1.2806466e+00
   1.4342122e+00
   1.7602790e+00
   2.3363308e+00
   2.6202673e+00
   2.8233045e+00
   2.4105262e+00
   1.1843398e+00
   2.0997187e+00
   1.6149314e+00
   2.0917899e+00
   2.7412718e+00
   2.6882167e+00
   2.6834523e+00
   2.5711364e+00
   2.3261984e+00
   1.8579542e+00
   9.9129402e-01
   1.0662716e+00
   1.0074204e+00
   9.3062833e-01
   1.3059978e+00
   5.8289753e-01
  -2.4803404e-01
  -6.0686178e-01
  -1.0143787e+00
   7.5661304e-02
   2.3148280e-01
   6.1939767e-01
   6.2292230e-01
   3.3848445e-01
   7.1370523e-01
   6.8796972e-01
   1.1579340e+00
  -1.4487009e-01
  -4.3343984e-01
   4.3920777e-01
   1.0136721e-01
   3.6531287e-01
   1.2237025e+00
   1.4121867e+00
  -4.1047245e-02
   2.4469579e-01
   8.5516535e-01
   1.6143259e-01
   7.9602709e-01
   1.2905318e+00
   1.7370214e+00
   3.6636909e-01
  -1.4284320e-01
   1.2618981e+00
   1.6309109e+00
   1.6214002e+00
   4.8704516e-01
   1.1079587e+00
   1.0384041e+00
   1.8278705e+00
   7.8571391e-01
   9.7410022e-01
   2.0906262e-01
   1.9361600e-01
  -1.6928561e-01
   6.8223624e-01
  -2.4586748e-01
  -1.9953539e-01
  -7.6411514e-02
   1.1213749e+00
   7.7086567e-01
   1.6413605e+00
   8.5883200e-01
   1.3227963e-01
   1.4279205e+00
   1.5242317e+00
   1.7056073e+00
   2.4072316e+00
   7.3340202e-01
   2.0868758e-01
   1.5348999e+00
   2.1130435e+00
   8.3654987e-01
   8.0821447e-01
   1.0476116e+00
   9.1416986e-01
   3.1790305e-02
   5.0800267e-01
   1.2019027e+00
   1.0353230e+00
   1.6216608e+00
   3.1548039e-01
   1.2039202e+00
   1.3055607e+00
   1.1312655e+00
   4.4609361e-02
   1.2783687e+00
   1.0141146e+00
   4.0239505e-01
  -3.6793252e-01
   7.1350831e-01
  -3.6102946e-01
   5.9140974e-01
   4.2692441e-01
   5.3004629e-01
   1.5808405e+00
   1.7618723e+00
   1.6351185e+00
   2.0942958e+00
   9.2277695e-01
  -7.1064558e-03
   3.4246123e-02
  -3.7464284e-01
   2.9894279e-01
   3.4849798e-01
   8.4254418e-01
  -2.9927207e-01
  -8.1666210e-01
  -2.4281453e-01
   7.5652676e-01
   5.7358685e-01
   3.7812364e-01
  -7.1364662e-01
   1.5630916e-01
   4.2792334e-01
  -2.3526764e-01
  -2.2279727e-01
   8.7540530e-01
   1.1264715e+00
  -1.2030367e-01
  -8.2576214e-01
  -4.9788015e-02
  -7.2985035e-01
   4.3387991e-01
   1.1610335e-01
   9.5449623e-01
   1.6884371e+00
   7.7803382e-01
   1.0722527e+00
   1.1033069e+00
  -1.5311095e-02
   7.2940279e-01
   1.2594949e+00
   1.0250045e+00
  -1.0106824e-01
  -3.8134483e-01
   4.7127631e-01
   7.3766224e-01
  -8.9307764e-02
  -5.8073183e-02
  -5.9298933e-01
   8.3619465e-01
   6.5146580e-01
  -7.6517452e-02
   8.8799180e-01
   1.1816137e+00
   1.2984374e+00
  -8.2378005e-02
   1.0881805e+00
   1.3783909e+00
   9.3679790e-01
   8.4370172e-01
   5.3860708e-01
   3.3041196e-01
  -3.0075013e-01
   7.0646251e-01
   1.4637727e+00
   1.6399567e+00
   6.3815762e-01
   1.3924137e+00
   5.2001063e-02
   4.7587539e-01
   4.7823347e-01
  -1.5466672e-01
   1.7508169e-01
  -5.1085766e-01
   5.4856722e-01
   1.8049281e-01
  -8.6887400e-01
  -1.0866089e+00
  -4.1593646e-02
   3.1409592e-01
  -4.0233269e-01
   6.7347873e-01
  -7.2264950e-02
  -1.2858323e-01
  -8.7212546e-01
   3.3752537e-01
   1.0567164e+00
  -4.6033445e-01
  -1.3439016e-01
  -1.0204618e+00
  -1.5588045e+00
  -1.9122390e+00
  -1.3207830e+00
  -1.2488603e+00
  -9.8867851e-01
  -9.7177009e-01
  -1.2839824e-01
  -4.3590845e-01
   4.5228268e-01
   9.7180671e-02
   4.8787704e-01
  -1.0334709e-01
  -3.5343605e-02
  -1.0668574e+00
  -1.3069672e+00
  -7.9823761e-01
   2.0077333e-01
  -6.2975692e-01
  -1.5273381e+00
  -2.0617715e+00
  -2.0834496e+00
  -2.1529153e+00
  -7.1075819e-01
  -6.9090276e-01
   5.2138935e-02
  -6.1982608e-01
  -1.2230937e+00
  -7.6669258e-01
  -1.0197990e-01
   6.0509908e-01
   5.9776231e-01
  -5.5549805e-01
   6.7041559e-01
   1.0165731e+00
   5.2371306e-02
   5.9302991e-01
  -1.7860615e-01
   2.5912526e-01
   5.0274214e-01
   1.1329355e+00
   7.3080929e-01
   1.6072424e+00
   1.8012210e-01
   1.2391390e-01
   8.6202921e-01
   1.4492341e+00
   7.0097807e-01
   1.5962416e+00
   1.2419588e+00
   1.8878684e+00
   1.3711735e+00
   9.0288102e-01
   4.6820160e-01
   1.0721199e-01
   1.1596338e+00
   1.4169321e+00
   1.5063652e+00
   1.5888314e+00
   4.3191877e-01
   1.1467775e+00
   7.0061684e-01
   5.8838425e-01
   3.6640366e-01
  -1.9305281e-01
   2.7732050e-01
   1.4303030e+00
   1.0885301e+00
   1.6392598e+00
   4.8460363e-01
   1.0693402e+00
   1.4855629e+00
   4.5598499e-01
   8.4934611e-01
  -2.6963717e-01
   9.6200514e-01
  -2.9205268e-02
   5.2498984e-01
   2.7699023e-02
  -5.5123750e-01
  -4.6564381e-01
   1.4925744e-02
  -7.3381514e-01
  -7.9538561e-01
  -7.7741857e-01
   4.1380245e-01
   5.5980672e-01
   4.3988717e-01
   9.0689786e-01
  -7.0842105e-02
  -1.0123465e+00
  -1.4977436e+00
  -5.9917757e-01
  -1.3402685e+00
   8.7177984e-02
  -3.3755479e-01
  -1.2515655e+00
  -7.7586677e-02
   1.0620157e-01
  -3.9409858e-01
  -6.0136489e-01
  -1.2818120e+00
  -1.0743958e+00
   1.1149778e-01
  -1.0196458e+00
  -5.2104932e-01
  -7.3548197e-01
  -1.2114536e+00
  -1.1949684e+00
  -1.8022025e-01
   1.5679930e-01
  -9.7540558e-01
  -1.0290238e+00
  -9.1294940e-01
  -1.6589172e-01
   2.2637061e-01
   9.3428992e-01
   1.3688820e+00
   6.9456147e-01
   6.6944578e-02
  -1.0641199e-01
  -8.0761754e-01
  -1.2280757e+00
   2.0158611e-01
   2.9936731e-01
   1.2510614e-02
  -5.4773286e-01
   7.1919619e-01
   7.2636103e-01
   3.0863942e-01
  -2.2610478e-01
  -4.3640084e-01
   6.9397798e-01
   7.0832390e-01
  -4.0162889e-01
  -1.1563002e-01
   8.8847043e-01
   1.2596095e+00
   8.7639243e-02
  -7.3156989e-01
  -2.9679819e-01
   3.1206797e-01
   3.5970639e-01
  -1.8605111e-01
   5.1307359e-01
   3.6210360e-01
   7.4222682e-01
   4.9357081e-01
   1.7984033e-01
  -2.4213735e-01
  -6.5381708e-01
   4.1818875e-01
  -3.6758664e-01
  -2.9556214e-01
   7.6654428e-01
   7.5802988e-01
   5.5121632e-01
  -2.6460698e-01
  -1.5561268e-01
   2.4289501e-01
   4.8361637e-01
   3.4287470e-02
   2.7791981e-01
   2.3860608e-01
   1.0034060e+00
  -4.2327511e-02
   5.6771068e-01
  -6.3693368e-01
  -4.4588895e-02
   1.1299328e+00
   1.5881614e+00
   1.8775803e+00
   1.9336205e+00
   2.1159338e+00
   1.4084475e+00
   7.7564383e-01
   3.6750981e-02
   1.3698434e+00
   9.7194225e-01
   9.9990202e-01
   1.6414504e+00
   1.7164748e+00
   1.0225997e+00
   8.9281369e-01
   1.7979518e+00
   1.0590262e+00
   1.0392377e+00
   1.9207985e+00
   2.2717048e+00
   1.2826522e+00
   1.1594079e+00
   3.3117248e-01
   1.3412557e+00
   1.8241218e+00
   1.2591436e+00
   9.7036288e-01
   1.7564995e-01
   4.2517887e-01
   7.8182310e-01
   1.3372432e+00
   5.3603458e-01
  -1.1165494e-01
   7.3736108e-01
   8.1068150e-01
   8.7040765e-01
   3.9656397e-01
   1.0944622e+00
   1.4235850e+00
   1.8431460e+00
   3.6509484e-01
   3.9362780e-01
  -3.5942781e-01
  -9.3846916e-01
  -1.9381228e-01
  -8.1010235e-01
  -1.8156360e-01
  -7.3151380e-01
  -1.2525852e+00
  -9.4779611e-01
  -1.5879501e+00
   1.0557866e-02
   1.7561045e-02
  -1.2006083e+00
  -3.4987994e-01
   3.8404186e-01
   9.1405835e-01
   1.2074942e-01
   3.1364548e-01
   1.0710104e+00
   1.0209525e-02
  -2.0208154e-01
  -8.7151816e-02
  -4.1732241e-01
  -1.1216088e+00
  -1.0353221e+00
  -1.3670586e+00
  -3.8073244e-01
   1.5854389e-01
  -7.2987236e-01
   7.9416535e-02
  -3.3547144e-01
   4.1005447e-01
  -9.9119569e-02
  -2.1279636e-01
  -4.0079834e-01
  -1.6217067e-01
  -5.9543208e-01
  -4.8273007e-01
  -1.0116735e-01
   9.0264610e-01
   3.0122267e-01
   1.0010973e+00
   2.6206393e-01
   1.2140791e+00
   9.7978029e-01
   4.5753023e-01
  -3.1775632e-01
  -5.2938575e-01
   3.5348692e-01
   2.3491967e-01
   5.5897821e-01
  -2.9275568e-01
  -9.7994687e-01
  -1.0764822e+00
   4.0892305e-02
  -2.9979202e-01
  -8.8925033e-01
  -1.4869820e+00
  -1.7207382e+00
  -1.3374180e-01
  -3.7000378e-01
   5.6319761e-01
  -6.5456550e-01
  -1.2130162e-01
   5.5290369e-01
   1.7672663e-02
  -8.4432077e-01
  -1.2680641e+00
  -1.1560077e+00
  -3.1048069e-01
  -7.0765726e-01
  -1.4562814e+00
  -1.8523964e+00
  -8.4567172e-01
  -2.4265468e-01
  -1.3089548e+00
  -1.1214220e-03
  -3.9875907e-01
  -1.9814615e-01
  -1.1438775e+00
  -1.7323211e+00
  -5.1816953e-01
   5.4106824e-02
   5.5693047e-01
  -8.3198299e-01
  -7.6927995e-01
  -2.0948475e-02
   8.4250891e-01
  -5.2364439e-01
  -6.9243577e-01
   6.5172105e-02
  -4.3302594e-01
  -2.1536004e-01
   1.4547506e-01
   6.7329310e-01
   7.7436797e-01
   5.0665718e-02
   3.2551957e-01
   3.6356746e-01
   1.0761688e+00
   1.1931229e+00
   9.6507920e-01
   1.5488853e+00
   1.2143743e+00
   4.7197252e-01
  -5.4371297e-01
   5.5372086e-01
   1.8272626e-01
  -2.7663074e-01
   1.0333811e+00
   7.2018245e-01
   1.9517092e-01
   1.5607101e-01
   1.1746339e+00
   1.0482910e-01
  -9.6039901e-02
  -8.3233251e-01
  -1.4174697e+00
  -8.4281130e-01
   1.6489130e-01
  -5.4508866e-01
  -1.0280584e+00
  -1.2079377e+00
  -1.5933302e+00
  -1.4844723e+00
  -4.4447398e-01
  -3.9075523e-01
  -6.2870660e-02
   3.0953487e-01
  -6.0860031e-01
   2.4188492e-01
  -3.5976248e-01
  -3.8483963e-01
  -6.4738785e-01
  -6.1718949e-02
   9.0110056e-01
   2.2049432e-02
  -7.3823686e-01
  -1.1285840e+00
  -3.1967732e-02
   5.2283942e-01
  -8.9737921e-01
  -9.6090836e-01
  -1.3632085e+00
  -1.2451251e+00
  -2.0106188e+00
  -2.3943576e+00
  -2.2097496e+00
  -1.9166326e+00
  -1.1070302e+00
  -5.7142284e-01
  -1.5283340e+00
  -9.3826196e-01
  -1.1152264e+00
  -5.5566345e-01
  -1.6900813e-01
  -1.0319839e+00
  -1.5616568e+00
  -3.7398940e-01
   4.9802990e-01
   9.3217750e-01
  -5.3801233e-01
  -9.8450804e-01
   3.5680784e-01
   4.4409631e-02
  -8.8775598e-01
  -5.8253009e-01
   1.5143997e-01
  -8.7052765e-01
  -6.4946703e-01
  -1.1937168e-01
   6.5716841e-01
   4.0587271e-01
   1.2102187e+00
   6.9151941e-01
   1.0705401e+00
   1.0165907e+00
  -1.0376874e-01
   1.1611907e+00
   1.3737621e+00
   1.8603980e+00
   5.1822194e-01
   9.9665223e-01
   4.3715183e-01
   6.7397048e-01
   1.7665204e-02
   3.4455616e-01
   1.1398229e+00
   8.0235152e-01
  -4.0014683e-01
  -2.4850123e-02
   8.1847091e-02
   6.3453879e-01
   3.9690918e-01
  -6.5692092e-01
  -2.9520294e-01
  -8.6200452e-02
   7.2697120e-01
  -3.0855886e-01
  -1.3807560e-01
   1.4025460e-01
  -7.9017407e-02
  -2.1098780e-01
  -5.3763672e-01
  -6.0691507e-01
  -3.8319782e-01
  -1.2735724e+00
   1.3709487e-01
   1.0372216e-02
   7.1983876e-01
   8.8678941e-01
  -4.1305083e-01
   2.8933375e-01
   2.3102131e-01
   6.2875376e-01
   1.2675772e+00
   5.6710037e-01
   1.2736080e+00
   1.4596437e+00
   2.1173359e+00
   1.0028792e+00
   1.3017155e+00
   8.1337002e-01
  -5.8967581e-02
   4.3496958e-01
   2.6730463e-01
  -6.3905538e-01
   4.1390025e-01
  -4.7299687e-01
  -1.1539486e+00
  -6.9183880e-01
  -5.6367145e-01
   5.2173444e-01
   6.5443245e-01
   9.8464876e-01
   1.0940606e-01
  -2.5882214e-01
   7.4538811e-01
   1.0903051e+00
  -1.0407490e-01
   3.5637115e-01
   1.7637397e-01
   1.1012992e+00
   1.7966159e+00
   7.1253859e-01
   1.2313264e+00
   2.0373742e+00
   5.2640059e-01
   1.2708086e+00
   7.3963434e-01
   1.1636217e+00
   1.6285512e-01
  -2.3597981e-01
  -1.1494830e-01
   6.5949035e-01
   1.5581442e+00
   9.1009121e-01
   3.8782400e-01
   4.5159446e-02
  -4.9703786e-01
  -1.1203079e+00
   2.5326831e-01
  -2.6202795e-02
   7.1638396e-01
   1.6253340e-01
   4.2305986e-02
   2.8860955e-01
  -4.8141468e-01
  -3.5359263e-02
   4.8992911e-01
   6.7238079e-02
   8.1881711e-01
   1.7221844e-01
   5.1481553e-01
  -2.6498662e-01
  -3.8218788e-01
  -1.1750013e+00
  -3.6582642e-01
  -7.5261881e-01
  -6.3949957e-02
   9.4766735e-01
   8.2024111e-01
   1.2017181e+00
   1.2942118e+00
   1.8538784e+00
   1.2315540e+00
   1.1589992e-01
  -3.2801358e-01
  -7.3230038e-02
  -6.8786292e-01
   3.7451997e-01
   7.9916210e-01
   1.3200897e-01
   1.2427045e+00
   1.2310277e+00
   1.4766391e+00
   9.5110629e-01
   1.3920500e+00
   5.5112060e-01
   6.1675199e-01
   1.0893364e+00
  -2.0520821e-01
  -5.4835918e-01
   6.1794781e-02
   8.5110140e-01
   4.2944857e-02
   5.2407384e-01
   7.3553882e-01
   8.4107026e-01
  -1.9288836e-01
   7.0614087e-01
  -3.2837019e-01
  -4.2581566e-01
   6.4543902e-01
   1.4023058e+00
   2.5941040e-01
   6.5402798e-01
   1.0769489e+00
   1.6394641e+00
   8.0808151e-01
   1.2577072e+00
   1.6687754e+00
   1.0015953e+00
   1.3809300e+00
   1.9049765e+00
   1.6473507e+00
   3.6093877e-01
   1.3924389e+00
   1.3698338e+00
   1.1642474e+00
   1.0240562e+00
   1.5115834e+00
   5.1913470e-01
  -2.7314589e-01
  -2.5073488e-01
  -6.4006779e-01
  -6.3148454e-01
   3.9528498e-01
   1.0788417e+00
  -1.0359755e-02
   7.3830382e-01
   1.5135161e+00
   1.0146325e+00
   1.5155118e+00
   4.9815949e-01
  -2.7564879e-01
  -9.0431307e-01
  -1.5981955e-01
   7.1152408e-01
   1.0185030e+00
  -1.1277012e-01
   4.0350339e-01
  -4.5537152e-01
   9.1407607e-01
   8.1751251e-01
  -2.1623558e-01
  -1.6541420e-01
   6.7875889e-01
   2.2943923e-01
   5.2049066e-03
   3.3470128e-01
  -3.6753173e-01
   9.0901154e-01
   2.1822265e-02
  -5.1207130e-01
   5.7823946e-01
   8.8306012e-01
   1.4547226e+00
   1.0129295e+00
   6.9666128e-01
   1.4738768e+00
   5.9856760e-01
   1.4869406e+00
   3.5026001e-01
   2.1712036e-01
   2.4562302e-01
   4.4307184e-01
   1.0370589e+00
  -2.1219302e-01
  -2.3502095e-01
   2.2630196e-01
   1.2319216e+00
   5.0005481e-01
   8.5147711e-01
  -3.4237941e-01
   6.8288152e-01
   1.0074940e+00
   1.7944900e+00
   1.2314790e+00
   1.1821582e+00
   1.9744063e+00
   6.7458980e-01
  -9.5870937e-03
   8.3359603e-01
   1.3643397e+00
   3.4782759e-01
   1.1326281e+00
  -9.4424527e-02
   6.5135527e-03
   1.1494994e+00
   4.6198019e-01
   1.4145130e+00
   1.4809425e+00
   2.1232916e+00
   2.3694749e+00
   2.4867994e+00
   1.8928401e+00
   1.3926681e+00
   8.0656362e-01
   1.1964749e+00
   1.9054903e+00
   1.8869670e+00
   1.9128084e+00
   2.1703576e+00
   9.0971591e-01
   1.9757945e-01
   1.5355162e+00
   1.9124015e+00
   7.5729712e-01
   7.3129167e-02
  -1.2075502e-01
   7.4808659e-01
   3.6505556e-01
  -1.0735900e-01
   5.5341208e-01
   1.5026569e-02
   1.1022744e-01
   6.0064226e-01
  -1.7896663e-01
   1.2357023e-02
   2.4877271e-01
   5.2981090e-01
   2.5347586e-01
   1.0986687e-01
   6.2470214e-01
   1.4554155e+00
   1.5193508e-02
   1.1718263e+00
   7.3217981e-01
  -4.5572286e-01
  -3.5627508e-01
  -6.4946991e-01
  -9.7893100e-02
   6.1157912e-01
  -5.2713133e-02
  -5.4672815e-01
  -1.1044773e-01
   7.7950592e-01
   3.9310363e-01
   7.8362890e-01
   2.1385214e-01
   7.8558911e-02
  -4.8087817e-01
   5.5331222e-01
   1.2138976e+00
   1.0430277e+00
  -5.7003758e-02
   4.1390375e-01
   2.8531384e-01
   1.5390001e-01
   5.4027047e-01
   6.5138044e-01
   1.6621145e-01
  -3.7725710e-01
  -1.9766946e-01
  -5.3273074e-01
  -1.0478382e-01
  -8.5800346e-01
   3.0352550e-02
   7.7387163e-01
   1.4840643e+00
   1.2009921e+00
   9.7315925e-01
   1.0091442e+00
   1.6680672e+00
   2.1949932e+00
   2.2763420e+00
   9.4208698e-01
   1.5053616e+00
   2.3528857e+00
   2.3856777e+00
   1.2671897e+00
   1.7040123e+00
   1.9870897e+00
   8.7065755e-01
   6.6118813e-01
   1.9902648e-01
  -5.0780270e-01
  -2.3881108e-01
   6.0131031e-01
   2.3081862e-01
   1.3916128e+00
   1.0192871e+00
   7.4299298e-01
   9.0622605e-01
   1.7788519e+00
   7.8484844e-01
   1.2184809e+00
   9.6365640e-01
   5.8570518e-01
   7.2345646e-01
   5.1767914e-02
   1.4901178e-01
   1.2873497e+00
   9.4506381e-01
   1.2792271e+00
   2.1373467e+00
   1.8613723e+00
   4.3136696e-01
   7.4142279e-01
   6.2586315e-01
   1.4261671e-01
   9.2258513e-02
  -7.6073656e-01
  -8.4317396e-01
  -5.7378099e-01
   7.6107829e-01
   8.0735299e-01
   3.3956177e-01
   3.5500976e-01
   1.3358141e+00
   1.0038342e+00
   6.8962168e-01
   1.3429995e+00
   1.1245635e+00
   1.3614824e+00
   2.1901008e+00
   2.1857203e+00
   1.6601553e+00
   1.0645121e+00
   1.8461963e+00
   6.2136243e-01
   1.5739427e+00
   1.9284248e+00
   1.0979786e+00
   1.7229332e+00
   1.8058715e+00
   1.1182091e+00
   1.4897874e+00
   1.1011009e+00
   7.4474181e-01
  -1.8745400e-01
   2.4137606e-01
   1.1286111e+00
   8.3705644e-01
   8.6103997e-01
  -2.6546096e-01
  -4.1297884e-01
  -9.0482318e-01
   7.2451422e-01
   1.4929827e+00
   2.0622064e+00
   1.7514957e+00
   4.7439430e-01
   1.7493635e+00
   5.8336649e-01
  -3.5626975e-01
   1.2342772e+00
   1.3576040e+00
   5.5006494e-01
  -9.7761235e-02
   2.0181916e-01
   4.7754437e-01
   1.2985851e+00
   6.8845955e-01
