  -6.5141766e-01
  -8.9367964e-01
  -1.7992782e+00
  -1.9764530e+00
  -1.9239720e+00
  -2.5906772e+00
  -2.0790504e+00
  -8.3005278e-01
  -4.0852777e-01
  -1.3107280e+00
  -1.9128347e+00
  -1.8141536e+00
  -2.0557243e+00
  -1.4144734e+00
  -6.0430747e-01
  -1.7832210e+00
  -1.5497261e+00
  -1.5412792e+00
  -3.7554682e-01
   4.8370128e-01
  -9.2299916e-01
  -1.3621434e+00
  -1.1746492e+00
   4.2943062e-01
   2.1149344e-01
   2.3919271e-01
   1.6521366e+00
   2.2663412e+00
   3.1040669e+00
   3.6198513e+00
   3.7733100e+00
   8.2892119e-01
  -9.9682790e-01
  -3.6933925e+00
  -3.5276915e+00
  -1.1571473e-01
   2.4522511e+00
   2.2936110e+00
   2.9623353e+00
   2.7796526e+00
   1.4112843e+00
   1.9353024e+00
   2.2126544e+00
   2.1800668e+00
   1.1948177e+00
   1.1394838e+00
   6.1750918e-01
  -7.7742128e-02
  -9.7701843e-01
  -2.8920115e-01
   9.9519909e-02
   7.7740990e-01
   8.6758041e-01
  -5.0563037e-01
  -5.2492380e-02
  -4.6879316e-02
   2.5350418e-01
  -8.7110870e-02
  -6.1332666e-01
   3.1089077e-01
  -6.7059613e-02
  -6.0592992e-01
  -6.5111539e-01
  -1.5274304e+00
  -2.1440576e+00
  -1.9295606e+00
  -9.2002365e-01
  -5.2603335e-01
  -1.9138156e-01
   1.6397866e-01
  -1.2000420e+00
  -1.1441649e+00
  -2.0285369e+00
  -1.7310139e+00
  -1.9897128e+00
  -8.1456088e-01
   6.8280981e-01
   1.1941432e-01
   2.2132800e+00
   2.0934059e+00
   3.5891204e+00
   4.2117490e+00
   5.6116555e+00
   6.2381344e+00
   5.9213622e+00
   5.0888000e+00
   3.8004921e+00
   4.0896080e+00
   2.7210414e+00
   1.3895222e+00
   2.4361268e-01
  -5.8912385e-01
  -1.9337851e+00
  -2.1907638e+00
  -3.0378400e+00
  -1.9012253e+00
  -2.6383224e+00
  -3.3125318e+00
  -2.7792256e+00
  -1.4655593e+00
  -1.4254302e+00
  -5.4227915e-01
  -1.0170236e+00
  -8.9062581e-01
  -4.7342704e-01
   7.7087780e-02
   3.0233905e-01
   8.9187355e-01
   7.0638194e-01
   2.8004052e-01
   9.3329008e-01
   8.6108074e-01
   1.3913397e+00
   1.3174514e+00
  -9.6934845e-02
   9.4814686e-01
   1.3113600e+00
   7.9248768e-01
   7.4617048e-01
   1.4049136e+00
   1.0137527e+00
   1.5866336e+00
   1.7198660e+00
   1.3676016e+00
   9.0322578e-01
   8.4805465e-01
   1.1621246e+00
   1.4986256e+00
   2.3483440e+00
  -9.7864895e-03
  -2.2065464e+00
  -4.5546194e+00
  -4.0701791e+00
  -1.3462598e+00
   1.2410679e+00
   1.6909340e+00
   9.8851785e-01
   2.5261463e-01
   9.9912083e-01
   2.6290116e-01
   1.3105063e-01
  -1.8179595e-01
  -3.7407597e-01
   1.1380610e-01
   3.9807233e-02
  -8.5860410e-01
  -9.6852553e-01
  -5.0083634e-01
  -9.0092209e-01
   2.2414297e-01
   8.8939016e-01
  -8.6784017e-02
  -5.2246147e-01
   1.4215045e-01
  -5.0646461e-01
   6.4645609e-02
   7.7909298e-01
   4.3778960e-01
   1.3267720e+00
   1.0547307e+00
   1.7242154e+00
   4.5637914e-01
  -3.7251656e-01
   2.5986842e-01
  -5.8731968e-01
  -3.8688624e-01
   3.9921558e-01
   3.7886331e-01
  -1.1037187e-01
  -2.3143724e-01
  -2.2575552e-01
   5.5094252e-01
  -6.4047876e-01
  -6.9272097e-01
  -9.4279289e-01
  -6.2562412e-01
  -1.3158065e+00
  -9.8631668e-01
  -8.5840839e-01
  -1.0774326e+00
  -6.2408407e-01
  -7.7607790e-04
  -5.6101977e-01
  -4.3996614e-01
  -1.4216727e+00
  -5.5066870e-01
  -2.9526914e-01
  -1.2810647e+00
  -7.4793441e-01
  -1.0900506e+00
  -8.1106990e-01
  -6.9297874e-01
  -1.9863290e-01
   4.0762024e-01
  -4.5486185e-01
   6.8426078e-02
  -1.1162142e+00
  -1.3292422e+00
  -1.4988974e+00
  -7.1839436e-01
  -1.5440530e-01
   1.1939308e-01
  -6.2388112e-01
  -1.2091489e+00
  -1.1993786e+00
  -1.5107542e+00
  -1.6307154e+00
  -9.8094371e-01
  -1.3245010e+00
  -1.3323600e+00
  -2.1563503e-01
  -4.0894927e-01
   3.4338930e-01
  -9.5535225e-02
   1.1713308e-01
   7.0391215e-01
   1.9184038e-01
   4.4283542e-02
   1.7660501e+00
   1.1298004e+00
  -1.5323003e-01
  -2.3695356e+00
  -4.9603032e+00
  -4.3108237e+00
  -6.4459088e-01
   4.7281133e-01
   1.8023064e+00
   2.4228536e+00
   1.9584160e+00
   1.4354117e+00
  -1.2153980e-02
   6.6533331e-01
  -6.7099737e-01
  -1.0888158e+00
  -1.0186711e+00
  -1.0095358e+00
  -1.0440197e+00
  -1.9811875e+00
  -2.3082492e+00
  -2.7608300e+00
  -2.7254321e+00
  -1.7146800e+00
  -2.6335417e+00
  -1.5752083e+00
  -2.3937158e+00
  -2.0787728e+00
  -9.4177531e-01
  -9.7736462e-01
  -1.1168591e+00
  -1.2468397e+00
  -5.1600679e-01
  -1.5048044e+00
  -1.9944005e+00
  -2.5547873e+00
  -2.9244804e+00
  -3.2721512e+00
  -2.9132281e+00
  -3.4685852e+00
  -3.0935281e+00
  -2.1409027e+00
  -2.2626574e+00
  -2.3685417e+00
  -2.4410949e+00
  -1.4797648e+00
  -1.3459444e+00
  -5.8035694e-01
  -2.9459208e-01
  -9.9130877e-01
  -9.6959571e-01
  -2.0525099e+00
  -1.6046926e+00
  -1.3597540e+00
  -5.8022190e-01
  -9.2253526e-02
   4.4108796e-01
   3.0751975e-01
  -9.5821858e-01
  -9.5645041e-01
  -7.0612297e-01
  -1.0039844e+00
  -3.9941660e-01
  -3.2522254e-01
   1.2325912e-01
   2.8773184e-01
  -1.0506021e+00
  -4.3978883e-01
  -1.3697916e+00
  -7.9661858e-01
  -1.6661727e+00
  -2.7779678e-01
  -4.5414170e-01
   3.2240829e-01
   4.0948521e-02
  -3.0999535e-01
   5.8530685e-01
  -2.6207934e-01
  -9.6975374e-01
  -5.5594905e-01
   1.3815337e-01
   6.4093435e-01
   5.5954919e-01
   1.3566416e+00
   1.3778462e+00
   3.9262764e-01
   1.6674200e+00
   2.1333856e+00
   1.7425328e+00
   2.3756090e+00
   3.5152886e+00
   3.3734911e+00
   2.8319219e+00
   6.1215873e-01
  -1.1191592e+00
  -4.4240901e+00
  -3.6471140e+00
   4.7970874e-01
   2.5984679e+00
   2.2117365e+00
   3.0072270e+00
   1.4402380e+00
   1.8575852e+00
   2.2569843e+00
   1.8198303e+00
   3.5253325e-01
   1.0718905e+00
   6.3192251e-01
   7.3403500e-02
  -5.5457793e-01
  -1.3625071e+00
  -1.5226379e+00
  -2.0260377e+00
  -1.8307834e+00
  -1.0584224e+00
  -4.5777426e-01
   6.9543001e-02
   1.4791780e-03
  -7.6765300e-01
   1.8267702e-01
   7.7405809e-01
   4.1314302e-02
  -9.0904907e-01
  -1.3750709e-01
  -1.0426517e+00
  -1.8662116e+00
  -2.1544317e+00
  -1.1565377e+00
  -5.3148967e-01
  -1.6093317e+00
  -9.2997506e-01
   4.1950998e-02
  -6.5479038e-01
  -8.6953685e-01
  -2.3932642e-01
   8.2976664e-01
   1.1987912e+00
   2.6991545e+00
   2.9620645e+00
   3.8972065e+00
   5.2966596e+00
   5.7187804e+00
   5.1915147e+00
   4.3153181e+00
   3.1731822e+00
   3.3079739e+00
   2.4551565e+00
   1.2977133e+00
   1.5353964e-01
  -3.5465799e-02
  -5.4510673e-01
  -3.0108232e-01
  -1.8865273e+00
  -1.6337572e+00
  -2.4457076e+00
  -1.1465826e+00
  -1.8377791e+00
  -2.1443955e+00
  -1.0516212e+00
  -8.7012599e-01
  -8.9908488e-03
   4.8916712e-01
  -4.8155113e-01
  -5.1266769e-01
  -4.3198860e-01
  -1.3228915e+00
  -1.3779932e+00
  -7.2925834e-01
  -1.4250312e+00
  -6.3917881e-01
  -1.4057309e+00
  -2.0325990e+00
  -1.3824289e+00
  -1.5965714e+00
  -5.4654759e-01
   8.4320290e-02
  -5.7521192e-01
   1.9721842e-01
   7.8860587e-02
  -8.1159225e-01
  -8.5816748e-01
  -7.4929469e-01
  -1.2702571e+00
  -8.8151310e-01
  -7.3428987e-01
   3.3833975e-01
   1.0331883e+00
   2.9560323e-01
   9.2335730e-01
   2.4210165e+00
   2.5940681e+00
   2.0066925e+00
   9.3842538e-02
  -3.8008125e+00
  -4.0120808e+00
  -2.4381921e+00
   1.0166600e+00
   3.4908726e+00
   2.6556013e+00
   1.8792493e+00
   2.5739097e+00
   1.4929595e+00
   2.2817820e+00
   1.5475505e+00
   1.1727638e+00
   1.8652100e+00
   2.1249350e+00
   1.9931954e+00
   2.4124126e+00
   1.6022591e+00
   2.3901894e+00
   2.4581683e+00
   2.5956876e+00
   2.8622548e+00
   1.6044788e+00
   1.6822521e+00
   2.2385698e+00
   2.9371519e+00
   1.7600503e+00
   2.1314476e+00
   1.0394819e+00
   9.0644532e-01
   1.7232323e+00
   1.5287900e+00
   9.6767041e-01
   8.2147398e-01
   4.5749740e-01
   1.1527904e+00
   9.3261094e-02
  -8.2274256e-03
  -3.8447705e-01
   4.4522686e-01
   1.2674524e-01
  -6.8708858e-02
   9.8561731e-01
   5.7720992e-01
   3.4310585e-01
   1.0760503e+00
  -1.7297931e-01
   4.5054974e-01
   5.7497593e-01
   1.0881546e-01
   1.5181738e-02
   9.7617397e-01
   1.1019584e+00
   1.3640943e+00
   1.4480877e+00
   1.5699784e+00
   1.8890044e-01
   7.8386474e-01
   1.1459751e+00
   9.0953808e-01
   3.2505230e-01
  -1.5483508e-02
   3.0336265e-01
  -6.7046474e-02
  -6.9182546e-01
  -4.7800141e-01
  -4.9472416e-01
   4.8160415e-02
   1.4262411e-01
  -2.8227701e-01
   2.6103517e-01
   6.8145028e-01
   5.9659839e-01
  -1.8418928e-01
   9.2284807e-01
   1.2936378e+00
   8.1345811e-01
   9.0672550e-01
   8.2592586e-01
   1.2520045e+00
   1.8983489e+00
   1.0514742e+00
   2.3774880e-01
  -2.0475929e-01
   5.7677283e-01
   8.0102910e-01
   1.5138588e+00
   7.5620136e-02
   1.3011362e-01
  -4.1288309e-01
   3.2571128e-01
   1.9147498e-01
   1.1177989e+00
   1.4415465e+00
   1.3020749e+00
   1.7942655e+00
   1.6327942e+00
   2.5806797e+00
   3.4325444e+00
   3.0344386e+00
   4.2856730e+00
   4.5076620e+00
   4.1567890e+00
   2.9525688e+00
  -6.4092450e-01
  -4.0492865e+00
  -3.0180759e+00
  -1.6484468e+00
   1.2689893e+00
   3.0424921e+00
   4.0161255e+00
   3.7865371e+00
   3.4502154e+00
   3.1229475e+00
   2.0611245e+00
   1.3215340e+00
   1.3554427e+00
   1.7924345e+00
   1.1938615e+00
   1.0536944e+00
   1.7055828e-01
  -1.2300133e-01
   9.5444128e-01
   2.2619388e-01
  -2.2748446e-02
  -7.5729897e-01
   5.5350403e-01
   8.6537264e-01
   2.1827796e-01
   8.0223960e-01
   1.0154628e+00
   4.4615149e-01
  -6.9980226e-02
  -5.3617688e-01
   2.2920790e-01
   1.6732591e-01
  -5.2129821e-01
   9.7680025e-02
   9.3480841e-01
   1.4026177e+00
   6.1509280e-01
   1.0894239e+00
   1.6755017e+00
   6.1466833e-01
   1.0841447e+00
   1.7455239e-01
   8.7160303e-01
   1.3165233e+00
   8.9579575e-01
   1.5164468e+00
   1.2704039e+00
   9.4923319e-01
   1.3035538e+00
   1.2840897e+00
   4.3598165e-01
   1.1693466e+00
   1.0832470e+00
   1.3329437e+00
   1.8990534e+00
   2.0812034e+00
   2.3211143e+00
   2.6384939e+00
   1.3476194e+00
   9.3279600e-01
   1.1854361e+00
   7.4694200e-01
   8.6287583e-01
   1.7260264e+00
   1.3696388e+00
   1.3119064e+00
   2.3149986e+00
   2.5926073e+00
   1.2983071e+00
   4.7858632e-01
   3.6229037e-01
   3.7302344e-01
   1.2573347e+00
   1.5793345e+00
   2.2938150e+00
   2.3990083e+00
   9.1716095e-01
   1.4952841e+00
   7.3151866e-01
   1.8286261e+00
   1.7182697e+00
   1.9073322e+00
   1.6288938e+00
   2.0159923e+00
   7.3483793e-01
   5.0136019e-01
   6.4935055e-01
  -2.1965445e-01
  -2.6919380e-01
  -4.9474666e-01
  -1.1030956e+00
  -1.0055197e+00
  -5.4170740e-01
  -1.7476716e-01
  -7.2683595e-01
  -9.1493477e-01
   4.6497873e-01
   1.3165305e+00
   1.8511702e+00
   2.0218514e+00
   2.6958830e+00
   1.7655280e+00
   2.9105710e+00
   2.5492405e+00
   3.0569742e+00
   1.3773934e+00
  -1.1860021e-01
  -2.9742405e+00
  -4.2469189e+00
  -3.6394706e+00
  -2.1518328e+00
   1.3498233e+00
   2.5575058e+00
   2.7567632e+00
   3.0073626e+00
   3.2382877e+00
   2.4626340e+00
   3.3448877e+00
   4.3263603e+00
   4.4205278e+00
   4.0601415e+00
   5.9585017e+00
   5.7066142e+00
   7.1456280e+00
   7.7214301e+00
   6.5165472e+00
   5.5575928e+00
   5.5123808e+00
   3.9207906e+00
   3.8078107e+00
   2.8505903e+00
   1.4380098e+00
   3.5347341e-01
   6.9050914e-01
  -1.1708281e+00
  -2.1968323e+00
  -2.4318158e+00
  -2.7011994e+00
  -2.6947309e+00
  -1.4414761e+00
  -2.1332119e+00
  -1.0323238e+00
  -1.5078368e+00
  -5.5818292e-01
  -2.7971500e-01
  -2.0694027e-01
  -5.5503595e-01
   2.8219821e-01
  -1.6767935e-01
  -3.4129167e-01
  -3.3333521e-01
  -3.9995546e-01
   3.8969616e-01
   1.8640672e-01
  -1.9122010e-01
   5.8855023e-01
  -5.0329199e-01
  -1.2430339e+00
  -1.1368844e+00
  -9.5063850e-01
  -7.3064199e-01
  -7.5175010e-03
  -1.1608880e+00
  -1.2374923e-01
  -4.3850351e-01
   1.3971350e-01
   8.8774919e-02
  -4.3689480e-01
  -2.8093786e-02
   4.0886614e-02
   4.8299158e-01
  -4.4426070e-01
   2.3731280e-02
   5.4551811e-01
  -2.8226513e-01
   7.3023522e-01
   1.2191997e+00
   1.0781392e+00
   3.5526353e-01
   1.4872250e+00
   1.8480606e+00
   1.3338114e+00
   1.8980521e+00
   1.6063926e+00
   1.8535995e+00
   2.5944281e+00
   1.3178859e+00
   5.0031753e-01
   4.2415717e-01
   1.4624141e+00
   1.0055154e+00
   2.6053152e-01
   7.6644132e-01
   1.9519748e+00
   7.5377021e-01
   1.7222374e+00
   1.2642230e+00
   2.0383542e+00
   2.7508041e+00
   1.6356474e+00
   1.5302091e+00
   1.5399269e+00
   1.0174625e+00
   1.3709748e+00
   2.3755961e+00
   2.1403298e+00
   1.8913765e+00
   2.6982207e+00
   3.4925963e+00
   3.0619394e+00
   3.4688733e+00
   3.1918211e+00
   1.2910461e+00
  -2.3325968e+00
  -3.9054792e+00
  -3.3393975e+00
   2.0596185e-01
   1.5486062e+00
   2.5658510e+00
   2.2076834e+00
   3.0469867e+00
   3.1085259e+00
   1.8025685e+00
   4.7027037e-01
  -1.1522641e-01
   6.0335239e-01
   5.3303282e-01
   5.9816591e-01
   3.0888151e-01
   3.4704807e-01
   4.1109109e-01
   8.6651759e-01
  -8.9293245e-02
  -8.7353672e-01
  -1.5801570e-02
   3.9064252e-01
  -4.3987598e-01
   1.9131797e-01
   8.6296451e-03
   9.6763579e-02
  -1.0483017e+00
  -6.5953068e-01
   1.0134963e-01
   2.4413968e-01
   6.7144635e-01
   1.1598848e+00
   5.5163917e-01
   3.4410548e-01
   1.1027364e+00
  -3.1837136e-02
  -1.0104469e-01
   2.6815206e-01
  -4.4179374e-01
  -5.5354364e-01
  -1.2195101e+00
   8.1471312e-02
   7.0748981e-01
   5.5145651e-01
  -1.8081410e-02
  -9.5242726e-01
   1.0608037e-01
   5.0422129e-01
   6.9165620e-01
   1.2040716e+00
   7.5891156e-01
   3.3526158e-01
   2.7517536e-01
  -2.0337712e-01
   4.3870079e-01
   1.6102078e-01
  -1.2945705e-01
  -4.3725426e-02
   9.2272556e-01
   8.2293613e-01
   4.2273722e-01
   9.0868621e-01
  -3.0955527e-01
  -2.7616607e-01
   9.4854671e-01
   1.5557085e+00
   4.3569180e-01
  -3.8930932e-01
   1.0366033e-01
   1.1273632e+00
   7.4915062e-01
  -7.9945177e-02
  -7.5740712e-01
   1.9751781e-01
   6.9868145e-01
  -5.1607289e-01
   3.5876162e-01
  -4.5423211e-01
  -5.8161783e-01
  -7.0769003e-01
   1.6742558e-02
   8.1908170e-01
   5.2909617e-01
  -7.4970603e-02
  -8.9403845e-02
  -8.1319399e-01
  -5.2618034e-01
  -1.2092285e+00
  -4.1887466e-01
  -5.6885622e-01
  -3.9078668e-01
   3.5177887e-01
  -7.8451635e-01
   3.0772541e-01
  -4.9352570e-01
   8.2345986e-01
   3.3163002e-01
   1.0530813e+00
   1.0826584e+00
   1.9693692e+00
   3.0895611e+00
   2.2504074e+00
   2.3393868e+00
   1.7332259e+00
   4.0569408e-01
  -2.7794102e+00
  -5.8266783e+00
  -5.7035886e+00
  -3.5892550e+00
  -9.2997503e-01
   1.1112685e+00
   1.5892662e+00
   2.3644508e+00
   2.2951772e+00
   2.1044005e+00
   1.2478212e+00
   1.3274877e+00
  -1.1622040e-01
  -1.2551900e-01
   1.7810905e-01
   7.8367388e-01
  -5.0733153e-01
  -9.1428378e-01
  -6.3874695e-01
  -8.2755488e-02
  -1.1670592e+00
  -1.2164937e+00
  -2.5753131e-01
  -2.5953199e-01
   2.1256554e-02
   8.2647820e-01
   1.1195663e+00
   5.8169957e-01
   1.0165187e+00
   1.2839536e-01
  -4.1075782e-01
  -3.2659810e-01
  -7.1746642e-01
   3.8967838e-01
   1.3747997e-01
   4.8181970e-01
   6.5158097e-01
  -4.6584085e-01
   7.9876459e-01
   6.6585435e-03
   2.6846434e-01
   4.3821548e-01
  -5.0123846e-01
  -5.2094774e-01
  -1.1969055e+00
  -1.2397891e+00
  -6.7789023e-01
   1.1452711e-01
  -5.3534209e-01
  -1.2086237e+00
  -1.5580329e+00
  -1.2723212e+00
  -5.6669168e-01
  -1.5800845e+00
  -4.1496499e-01
  -5.6635457e-01
  -1.1025035e+00
  -4.9884387e-01
  -1.2737100e+00
  -1.2095099e+00
  -1.8461264e-01
   2.9780925e-01
  -6.5215351e-01
  -1.1995947e+00
  -2.5927035e-01
   5.5038917e-01
  -5.0680853e-01
  -1.4864442e+00
  -5.4399015e-01
   3.1558379e-03
   5.7904217e-01
  -3.5055606e-01
  -7.9481938e-01
  -6.8227173e-01
  -8.5707925e-01
  -1.9984547e+00
  -1.4279374e+00
  -1.5759939e+00
  -1.0279263e+00
  -1.6760029e+00
  -1.7721333e+00
  -9.2364421e-02
   8.5429004e-01
   8.8880600e-01
   2.2443972e+00
   3.5948527e+00
   3.4306113e+00
   5.5081375e+00
   5.9365236e+00
   7.0442642e+00
   6.1896895e+00
   6.6344834e+00
   6.0450019e+00
   4.5295872e+00
   3.1772862e+00
   3.4059925e+00
   2.9494115e+00
   2.4723543e+00
   1.2484590e+00
  -1.3894735e+00
  -4.3228250e+00
  -5.5964073e+00
  -5.2768394e+00
  -3.2117511e+00
   2.7366759e-01
   7.3308119e-01
   1.1977562e+00
   1.7400115e+00
   8.1129388e-01
   5.2613831e-01
  -6.5394610e-02
   1.7282629e-01
  -1.0049682e+00
  -1.5505597e+00
  -1.3250345e+00
  -1.9647831e+00
  -5.8266773e-01
  -4.9084874e-01
  -9.5064778e-01
  -1.5416444e+00
  -3.0493122e-01
  -6.2225514e-01
  -9.1166565e-01
  -1.5427434e+00
  -2.0935468e+00
  -1.8736840e+00
  -2.5214043e+00
  -1.0440967e+00
  -1.6272468e+00
  -2.1268249e+00
  -2.6811454e+00
  -1.6601829e+00
  -2.1228631e+00
  -2.3018439e+00
  -2.1923969e+00
  -2.2597030e+00
  -2.6877211e+00
  -2.3603232e+00
  -2.3643968e+00
  -1.1241598e+00
  -1.0188461e+00
  -1.1239249e+00
  -1.6044413e+00
  -2.0200658e+00
  -1.2596084e+00
  -2.2842940e-01
   9.6641983e-02
  -7.1367127e-01
  -4.3704593e-01
  -1.3626069e+00
  -6.7924666e-01
  -5.9898795e-01
  -2.1435724e-01
  -9.6778191e-01
   6.5669288e-02
   1.6081654e-01
  -9.2535931e-01
  -1.0823470e+00
  -8.9446985e-01
  -7.6654870e-01
   2.1677106e-03
  -9.7932435e-02
   6.1242194e-01
   4.7459339e-01
   1.2816937e+00
   5.0943986e-01
   4.1168560e-01
   1.3773040e+00
   1.2497565e+00
   2.6112361e-01
   1.3032215e+00
   1.8458888e+00
   2.0345818e+00
   1.8099498e+00
   1.4759819e+00
   1.8022134e+00
   1.3067278e+00
   1.3274205e+00
   8.7782130e-01
   1.5036902e+00
   8.0167096e-01
   1.6743600e+00
   2.2954823e+00
   1.4586672e+00
   9.2033016e-01
   1.8388535e+00
   2.5471097e+00
   2.1924286e+00
   2.5403864e+00
   2.0307752e+00
   2.5819646e+00
   7.5254975e-01
  -2.9354572e+00
  -4.3063777e+00
  -2.2312968e+00
   4.1527335e-01
   2.0864493e+00
   1.7794833e+00
   9.8160516e-01
   1.3083869e+00
   2.0032815e-01
  -6.8270603e-01
  -1.2660738e-01
  -1.9110290e-01
  -5.9678808e-01
  -1.6423553e+00
  -1.7732920e+00
  -2.1099327e+00
  -1.2547244e+00
  -1.9761680e+00
  -2.3688614e+00
  -1.6905048e+00
  -7.0922784e-01
  -1.2570916e-01
  -8.5569558e-01
  -1.8799462e+00
  -6.8705950e-01
  -5.1335096e-01
   8.1525683e-02
  -1.3697447e-01
   3.1407354e-01
   9.1937939e-01
   5.1482421e-01
   1.1475800e+00
   1.0631472e+00
  -3.4424339e-01
   3.7857489e-01
   1.1761528e+00
   4.2725702e-01
   8.2311097e-01
  -3.6358975e-01
   4.6441013e-01
  -1.6406162e-01
  -9.5449460e-02
  -6.3200525e-01
   1.0340678e-01
  -9.7697711e-01
  -1.3454038e-01
  -6.6014355e-01
  -5.9295226e-01
  -1.6898838e-01
  -1.1995588e+00
  -4.5534233e-01
   2.1578993e-01
   3.9196705e-01
  -8.7977983e-02
   1.2148683e-01
   9.0487627e-01
   1.4653420e+00
   7.9608279e-01
   2.8351660e-01
   7.1506662e-01
   1.1071448e-01
   1.4041066e-01
   7.6021000e-01
   1.3839182e-01
  -2.1346522e-01
  -1.0120435e-01
   6.3473934e-01
   4.4632686e-01
   8.1007628e-01
   1.4890050e+00
   4.2842764e-01
   1.4413126e+00
   8.8849843e-02
  -5.3019701e-01
  -5.5785709e-02
   2.3878407e-01
   4.6406947e-01
  -1.7037489e-01
   1.0481172e+00
   7.1835768e-01
   6.0040191e-01
   7.4521977e-01
   1.2556041e+00
   1.0838073e+00
   6.6251377e-01
  -1.0110269e-01
  -2.5637059e+00
  -3.6991597e+00
  -2.4079692e+00
   3.4531297e-01
   2.3067759e+00
   2.1385245e+00
   1.8409719e+00
   2.2929800e+00
   1.2400726e+00
   3.8467938e-01
  -3.4495713e-01
  -6.0793716e-01
  -7.2554727e-01
  -1.0860369e+00
  -2.4761823e-03
  -4.6631235e-01
  -8.6914204e-01
  -9.5403133e-01
  -1.3086923e+00
  -1.2158085e+00
   1.0402853e-01
   3.2400760e-01
   4.5286426e-01
   1.0470027e+00
   3.9672696e-02
  -6.3146610e-01
  -7.7721320e-01
   4.3294421e-01
  -1.6062148e-01
   6.3358721e-01
  -1.4733925e-01
   6.1865051e-01
   1.1535282e+00
   8.4370770e-01
   9.4665031e-01
  -4.6221923e-02
  -4.6541207e-01
  -7.2425787e-01
  -1.3598705e+00
  -1.3468681e+00
  -3.0477478e-01
  -3.4503717e-01
  -7.9632104e-01
  -2.9528994e-01
  -4.7978290e-01
  -4.2324261e-01
  -1.3408752e-01
  -1.1826708e+00
  -1.2186144e+00
  -6.4341828e-01
  -2.8210280e-01
   2.4534375e-01
  -3.4387787e-01
  -4.8917927e-02
  -1.0552961e+00
  -2.3737281e-01
  -1.0372285e+00
  -1.2624670e+00
  -7.2324138e-01
  -8.1621504e-01
  -1.4564878e+00
  -9.5039999e-01
  -4.6733596e-01
  -6.0586920e-02
  -3.2627734e-01
   1.8740148e-01
  -1.1011966e+00
  -1.5122680e+00
  -1.7056666e+00
  -6.6345009e-01
  -9.4549172e-01
  -1.0968448e+00
  -1.6234190e+00
  -1.5628838e+00
  -1.6943869e+00
  -1.6054013e+00
   4.5282702e-01
   1.5070882e+00
   1.6964295e+00
   3.4891165e+00
   4.6906215e+00
   4.9007777e+00
   4.5319235e+00
   3.1745520e+00
   1.8564153e+00
   2.3374333e+00
   3.2140302e+00
   4.1893504e+00
   4.5134197e+00
   4.0742774e+00
   2.6564219e+00
   1.3195870e+00
   1.3124579e+00
   5.6446799e-01
  -5.6646894e-01
  -1.4961740e+00
  -1.6189999e+00
  -1.8983372e+00
  -8.0610112e-01
  -4.4167325e-02
   4.8460200e-01
   7.4952147e-01
  -4.9679855e-01
   2.6988032e-02
   6.0297143e-01
  -4.8185625e-01
   1.8228134e-01
  -7.5412399e-01
   7.8658342e-02
  -7.5913694e-01
  -7.9950284e-01
   3.3073040e-01
  -3.8787270e-01
  -7.4900316e-01
  -6.7079365e-01
  -4.5824205e-01
  -9.5546087e-01
  -1.4031576e+00
  -1.0397602e+00
  -1.0694252e+00
  -8.9509437e-01
  -9.2207567e-01
  -1.3195229e+00
  -5.8495760e-01
  -5.3658920e-01
   2.0179497e-02
   5.9160619e-01
  -1.0436712e-02
  -4.2888709e-01
   5.9596479e-01
   1.3156279e-01
   7.0781859e-01
   1.1845940e+00
   1.3137010e+00
   9.0301369e-01
   1.2799205e+00
   1.2567647e+00
   2.0051930e+00
   1.8229613e+00
   1.6376619e+00
   2.3106259e+00
   1.4085347e+00
   5.2541318e-01
   6.9355654e-01
   3.3862486e-01
  -6.7951698e-03
   1.0383697e+00
   3.4801057e-01
   2.3280913e-01
   1.3903365e+00
   6.8874745e-01
   9.8248206e-02
  -3.1927735e-01
   1.2250069e+00
   1.3733847e-01
   2.4864005e-01
   8.0847619e-01
   1.3375994e-03
   1.0665872e-01
   3.9916304e-01
   1.0801243e+00
   3.0889755e-01
   1.6488162e+00
   2.0123211e+00
   2.6524312e+00
   2.1008295e+00
   2.7552498e+00
   2.1808311e+00
   2.5731834e+00
   1.4992804e+00
   8.3796900e-01
  -1.5090368e+00
  -4.0351939e+00
  -2.0487744e+00
   1.0343652e-01
   1.1839439e+00
   1.3801737e+00
   2.5013206e+00
   9.0533020e-01
   1.6555876e+00
   1.6771588e+00
   1.1919556e+00
   4.7894694e-01
   7.3485862e-01
  -1.9545244e-01
   6.7328495e-01
  -3.9905753e-01
  -1.1086589e+00
  -1.6884762e+00
  -1.2285706e+00
  -4.1088017e-01
  -1.1164005e+00
  -9.9625782e-01
  -8.4522883e-01
  -9.5743542e-01
  -4.8951984e-01
   3.1614575e-01
   7.0274536e-01
  -3.9162359e-01
  -5.4265743e-01
  -9.7777539e-01
  -6.0340455e-02
   5.7460212e-01
   2.2724504e-01
  -8.6333334e-01
  -8.5173545e-01
  -2.0820225e-01
  -1.2800506e+00
  -7.0652396e-01
  -4.4630219e-01
  -6.8732285e-01
  -6.3110971e-01
  -1.0678531e+00
  -1.7797598e+00
  -1.3988930e+00
  -2.0112995e+00
  -8.3866421e-01
  -2.0295094e-01
   3.5262609e-01
   1.4512004e-01
   7.7429123e-02
   7.9743470e-02
   4.3338369e-03
  -5.0929788e-01
  -3.1717331e-01
  -8.7778897e-01
  -1.2640552e+00
  -8.2901789e-01
  -2.0202390e-01
  -1.1738168e+00
  -1.7552394e+00
  -2.0379320e+00
  -1.6356569e+00
  -1.7560073e+00
  -1.6069103e+00
  -1.3559138e+00
  -1.1848946e+00
  -1.5465220e+00
  -1.7042095e+00
  -1.4164920e+00
  -8.2754376e-01
  -1.8994738e+00
  -1.4692876e+00
  -2.2345050e+00
  -2.1729240e+00
  -1.0714260e+00
  -1.9686037e+00
  -1.8869934e+00
  -1.8165143e+00
  -1.1307053e+00
  -7.7106425e-01
  -1.2979246e+00
  -1.9282129e-01
  -4.5965874e-01
  -7.3546428e-01
  -1.4489435e+00
  -9.8893414e-02
   4.5176203e-01
   9.3850946e-01
   1.7861555e-01
   7.7247009e-01
   3.4389544e-01
   1.1009855e+00
   1.1281497e+00
   1.8167822e+00
   1.9426275e+00
   2.3410949e+00
   3.8505134e-01
  -2.8437276e+00
  -4.1396680e+00
  -3.6597053e+00
   5.1846751e-01
   3.2399794e+00
   2.9179186e+00
   2.6281683e+00
   2.7447081e+00
   2.5891399e+00
   1.1214078e+00
   1.1885763e+00
   2.0426712e+00
   1.5271005e+00
   7.9816642e-01
   1.6267965e+00
   1.2670180e+00
   2.7299873e-01
   5.1580997e-01
  -2.4690925e-01
  -6.3805465e-01
   2.7531609e-01
   1.0046205e+00
   5.4141472e-01
  -2.1559637e-01
  -1.0815852e+00
  -7.1597052e-01
  -4.3517555e-01
  -1.1027275e+00
  -9.1668414e-01
  -5.3592325e-01
  -1.1914119e+00
  -1.0624227e+00
  -7.4652278e-01
  -6.0307169e-01
   2.9668538e-01
  -1.0525359e+00
  -6.9994990e-01
   3.2544508e-01
  -2.5083744e-01
  -6.1603687e-02
  -1.0261634e+00
  -7.3380796e-01
  -2.9419887e-02
  -4.7226623e-01
  -1.4587253e+00
  -1.7991062e+00
  -1.1437419e+00
  -6.1149353e-01
  -1.4444277e+00
  -1.5356344e+00
  -1.3294787e+00
  -1.6458476e+00
  -1.7802689e+00
  -2.1266320e+00
  -2.3379529e+00
  -1.9357158e+00
  -2.8559327e+00
  -1.2484920e+00
  -1.2864665e+00
  -1.2451808e+00
  -9.6366160e-01
   4.3632528e-01
   4.0005040e-01
   1.1604012e+00
   1.9549565e+00
   3.0407531e+00
   3.0762672e+00
   2.5551177e+00
   2.4831214e+00
   2.9262041e+00
   2.0671113e+00
   1.5503793e+00
   2.6005684e-01
  -1.2162371e+00
  -2.3620572e+00
  -1.9605244e+00
  -2.1886315e+00
  -2.1422090e+00
  -3.0943230e+00
  -1.9322066e+00
  -1.1229869e+00
  -1.1910968e+00
  -6.1190397e-01
  -1.0419221e+00
  -8.8560649e-01
  -1.6589753e+00
  -7.9912286e-01
  -2.6702707e-01
  -1.1624024e+00
  -7.7125469e-01
  -4.1709487e-01
  -7.7726819e-01
  -3.7089614e-01
  -1.8908460e-01
   8.1960321e-01
  -2.8281485e-01
   1.0935078e+00
   2.3200842e-01
   8.4340276e-01
   2.0592220e+00
   1.1465967e+00
   1.8082119e+00
   1.5891352e+00
   7.4678587e-01
  -7.1037161e-01
  -4.0434711e+00
  -6.2238998e+00
  -6.0009577e+00
  -3.4868197e+00
  -4.9289407e-01
   1.0452663e+00
   1.3025003e+00
   2.0921485e+00
   1.2802162e+00
   1.5601148e+00
   1.2166812e+00
   1.6602277e+00
   2.0032156e+00
   1.7664898e+00
   1.0749508e+00
   1.5445178e+00
   1.2266692e+00
   1.9722798e-01
   9.2338110e-01
   1.3179874e+00
   6.2531945e-01
   1.0116850e+00
   1.0922409e+00
   1.2611532e+00
   8.5529145e-02
   1.0241736e+00
   1.6999930e-01
   7.5762487e-01
   7.6447643e-01
   1.5483201e+00
   9.0682173e-01
   5.0928673e-01
   1.3462573e+00
   1.9277746e+00
   9.2884018e-01
   1.1545401e+00
   1.0543752e+00
   1.3253071e+00
   1.8716742e+00
   7.6559133e-01
   1.0230220e+00
   8.9947094e-01
  -1.4320149e-01
   8.3920087e-01
  -5.0900612e-02
  -6.2364253e-02
   4.3673688e-01
  -4.9771680e-01
  -3.1693633e-01
   3.8119666e-01
   6.7241657e-01
   8.0755140e-01
  -1.3629207e-01
  -7.2256696e-01
  -1.0276706e+00
  -1.6135007e+00
  -8.5407713e-01
  -5.6449864e-01
  -9.9157877e-01
  -8.5380368e-02
  -8.0021243e-01
  -1.3268606e+00
  -1.7347171e+00
  -1.9683722e+00
  -5.3976322e-01
  -6.1693319e-01
  -1.5208113e+00
  -1.3493722e+00
  -3.0758292e-01
   3.8950745e-02
   6.5337434e-01
  -3.4348712e-01
  -8.0276539e-01
   8.5058853e-02
  -9.2551805e-01
  -9.1064790e-01
  -4.9782937e-01
  -6.2562675e-01
  -3.7330819e-01
  -1.3732825e+00
  -1.9386505e+00
  -6.6931601e-01
  -3.9942740e-01
  -1.1975244e+00
  -2.2149260e-01
   3.4728914e-01
  -8.6679943e-01
  -1.5106714e+00
  -1.3702152e+00
  -1.8355571e+00
  -2.1384599e+00
  -1.3511554e+00
  -1.9393670e+00
  -2.2713776e+00
  -1.5782688e+00
  -2.2078394e+00
  -1.4725036e+00
  -1.1074795e+00
  -1.7219125e+00
  -3.6669666e-01
  -1.0440132e+00
  -5.9574873e-01
   5.3335211e-01
   1.6500967e-01
   1.5494633e-01
   1.3282855e+00
   2.3555742e+00
   1.5485685e+00
  -1.3366900e+00
  -4.9690339e+00
  -5.9945117e+00
  -4.1175886e+00
  -2.5156185e+00
   8.6538564e-01
   3.0819025e+00
   2.7122193e+00
   2.4673088e+00
   1.9927135e+00
   6.2856153e-01
   6.5214379e-01
   1.3428615e+00
  -3.5971305e-01
  -6.5848236e-01
   4.0407672e-01
  -5.6480351e-01
  -1.4704210e+00
  -1.1017301e+00
  -8.6200398e-01
  -5.1732476e-01
  -1.1118921e+00
  -5.5628092e-01
  -1.7456067e-01
   3.5546910e-01
   7.4076339e-01
  -7.6014329e-01
  -5.6978186e-01
  -1.3278352e-01
  -5.5909438e-01
  -4.9834291e-01
  -4.1266806e-01
  -4.8517625e-01
  -1.4292850e+00
  -2.0391272e+00
  -8.4229623e-01
  -3.3866966e-01
  -1.9294962e-01
   2.3161285e-01
   6.0992171e-02
  -1.1382267e-01
   2.1461265e-01
   1.0043549e+00
   9.3153786e-01
   1.2296747e+00
   1.8592549e+00
   2.1438904e+00
   6.3843223e-01
   1.1666707e+00
   1.9854998e+00
   2.1863746e+00
   2.3366929e+00
   1.6525282e+00
   1.3820449e+00
   1.3742522e+00
   2.8363370e-01
   7.5714042e-01
   1.3585212e+00
   1.5638520e+00
   1.9221437e+00
   1.0728182e+00
   1.2470537e+00
   1.1446571e+00
   7.8056525e-01
   1.5208884e+00
   2.1065861e+00
   5.7940402e-01
   1.8807008e-01
  -2.4366815e-01
  -3.8284790e-01
   1.4923244e-01
   1.1323482e+00
   8.2402088e-01
   3.4236080e-01
  -5.7796175e-01
   2.5689624e-01
   1.0577638e+00
   8.4381351e-02
  -4.8876225e-02
   3.7220446e-01
  -4.3610285e-02
   5.3086288e-01
   3.7960048e-01
   3.2197393e-01
  -4.6038453e-01
   2.3374113e-01
   9.8145782e-02
   3.2661375e-01
   8.5551383e-01
  -2.8622797e-01
  -8.5820794e-01
   3.2613963e-01
   9.3376503e-01
   1.6622515e+00
   2.9633440e+00
   3.2979728e+00
   3.5659330e+00
   3.9870547e+00
   4.0601675e+00
   5.2341883e+00
   4.0892024e+00
   4.2994959e+00
   3.0741064e+00
   2.0199120e+00
   2.0623567e+00
   2.4932281e+00
   2.2265182e+00
   2.7189928e+00
   1.7164658e+00
   2.1906061e+00
   1.4224611e+00
   1.1334949e+00
   1.3144318e-01
  -3.3569696e+00
  -4.4519039e+00
  -4.6476119e+00
  -1.7576641e+00
   5.3456135e-01
   1.8422013e+00
   3.4897557e+00
   2.7736623e+00
   1.9571248e+00
   2.5959413e+00
   1.2612498e+00
   1.3758848e+00
   7.9392487e-01
  -1.9815906e-01
  -1.0246111e+00
   1.8689312e-01
   8.9375529e-01
   1.1533884e+00
   1.1600787e+00
   1.1904352e+00
   8.2109250e-01
   1.5475023e+00
   1.2885406e+00
   1.4633587e-01
   3.0718045e-01
  -5.8590477e-01
  -9.4270614e-01
  -9.0248436e-01
  -3.6798210e-01
  -4.2377563e-01
  -6.9380206e-02
  -6.0582287e-01
  -9.7954601e-01
   6.9673425e-02
   2.2299576e-01
  -6.1859377e-01
  -2.2121896e-01
  -5.8253455e-01
   1.3078100e-01
  -6.1427574e-01
  -8.5427830e-01
   2.6310805e-01
   5.8768533e-01
   2.0850039e-02
   1.0391023e+00
   1.2502189e+00
   1.1054204e+00
   6.5076310e-01
   7.2554115e-01
   8.1208470e-01
   1.1439359e+00
   1.3970513e+00
   4.1343844e-01
   6.2239013e-01
   5.4016463e-01
   1.5683125e+00
   1.9870632e+00
   2.1406221e+00
   2.6671804e+00
   2.8042734e+00
   2.5827806e+00
   1.4592890e+00
   1.1423458e+00
   2.0960149e+00
   1.5345729e+00
   3.4919790e-01
  -2.3819298e-01
   9.5353191e-01
   1.0728421e+00
   2.4215338e-01
   3.4187612e-01
  -2.7725439e-01
  -3.5420599e-01
  -2.2611617e-03
  -9.3293049e-01
  -9.3698926e-01
  -1.4952426e+00
  -7.5900859e-01
   4.8769997e-02
   6.1615279e-01
   5.9189892e-02
  -1.0495920e+00
  -6.4688061e-01
  -1.0970304e+00
  -9.4599917e-01
  -1.2706925e+00
  -1.5077385e+00
  -8.3542997e-01
  -1.2029371e+00
  -1.4715981e+00
  -2.9020628e-01
  -2.0251581e-01
  -6.9121142e-01
  -4.4534647e-01
  -1.1712366e+00
  -2.4506409e-01
   3.9354231e-01
   3.4753047e-01
   1.1967832e+00
   2.3806655e+00
   2.1623675e+00
   3.0393953e+00
   3.3760600e+00
   4.4798612e-01
  -3.1472672e+00
  -4.5187914e+00
  -4.1441362e+00
  -1.4876529e+00
   1.0837445e+00
   2.9887714e+00
   3.3600671e+00
   1.7216390e+00
   4.7604342e-01
   9.7869634e-02
  -8.9765797e-01
  -9.3944321e-01
  -1.2156920e+00
  -1.6443955e+00
  -1.0964797e+00
  -3.0390636e-01
  -1.1757930e+00
  -1.5752194e+00
  -9.2997865e-01
  -1.5998142e+00
  -2.3253725e+00
  -2.6323355e+00
  -1.4381971e+00
  -1.6479276e+00
  -1.1957961e+00
  -2.2192450e+00
  -2.0046465e+00
  -1.7546209e+00
  -1.0719104e+00
  -9.2131313e-01
  -8.0909635e-01
  -1.3686297e+00
  -1.9003656e+00
  -2.5000982e+00
  -1.2711575e+00
  -7.9127344e-01
  -7.6632993e-02
  -4.1428715e-01
  -1.3743340e+00
  -1.0361788e+00
  -6.3688314e-01
  -1.0725812e+00
  -1.8033802e+00
  -2.3006873e+00
  -2.4359090e+00
  -1.7606727e+00
  -1.9340341e+00
  -2.5449082e+00
  -2.0578637e+00
  -1.1169977e+00
  -2.0752494e+00
  -8.2937583e-01
  -8.9756479e-01
  -2.0648599e+00
  -1.1844844e+00
  -2.2341255e-01
  -1.4760046e+00
  -1.2460129e+00
  -1.9438128e+00
  -1.6773882e+00
  -1.4699626e+00
  -1.8076026e+00
  -2.0613321e+00
  -1.8291428e+00
  -1.6078116e+00
  -6.3459691e-01
  -9.1364308e-01
  -2.1797262e-01
  -1.1045716e-01
  -1.0303207e+00
   1.8250380e-01
  -1.9396305e-01
  -6.3200296e-01
  -1.1714224e+00
  -6.4005637e-01
  -1.5289525e+00
  -8.9026611e-01
  -7.1837502e-01
  -4.2990525e-01
  -2.5484118e-01
  -5.2244856e-01
   3.6692050e-01
   3.1709668e-01
  -4.6431070e-01
  -5.0431202e-01
   4.9178579e-01
  -5.4580363e-01
  -3.8903955e-01
  -1.1753701e+00
  -8.8342282e-01
  -1.0011944e+00
  -6.0864377e-01
  -9.3425503e-01
   4.7267920e-01
   4.2553424e-01
   6.8619447e-01
   5.3294842e-02
  -1.4525047e+00
  -4.2241851e+00
  -7.3239881e+00
  -6.2683642e+00
  -3.3934777e+00
  -7.2881886e-01
   1.3374918e+00
   4.2619570e-01
  -4.5253461e-01
   3.4054810e-01
   8.6001015e-02
  -8.3016382e-01
  -4.7389668e-01
  -5.2370412e-01
  -1.7413162e+00
  -1.8408802e+00
  -4.8700183e-01
  -9.6041655e-02
   9.9413385e-01
   6.7797049e-01
   2.2462061e+00
   3.4864882e+00
   2.8425590e+00
   4.0683829e+00
   3.0075958e+00
   2.5506177e+00
   1.4773979e+00
   1.7739242e+00
   2.8406055e-01
  -9.3786248e-01
  -2.2932707e+00
  -2.7888337e+00
  -2.4452074e+00
  -3.5476635e+00
  -2.9342542e+00
  -3.6202742e+00
  -2.5029439e+00
  -2.6105949e+00
  -2.9048632e+00
  -3.1837901e+00
  -2.8228756e+00
  -2.4136673e+00
  -2.3185185e+00
  -2.3190452e+00
  -3.1389621e+00
  -3.0305814e+00
  -2.6252807e+00
  -2.2360677e+00
  -2.4697516e+00
  -2.2006006e+00
  -1.7615821e+00
  -1.1286438e+00
  -2.4439630e+00
  -1.6761699e+00
  -1.6270739e+00
  -2.4041998e+00
  -1.8236213e+00
  -2.7927185e+00
  -2.2512168e+00
  -2.4192249e+00
  -2.1213709e+00
  -1.7891804e+00
  -2.6827397e+00
  -1.8847624e+00
  -1.3671074e+00
  -2.2681059e+00
  -2.7023024e+00
  -3.1761613e+00
  -1.5519155e+00
  -2.2079384e+00
  -2.1669198e+00
  -2.0503849e+00
  -2.7621071e+00
  -2.8070083e+00
  -3.1406289e+00
  -2.0493335e+00
  -1.4620548e+00
  -9.8557175e-01
  -1.1445955e+00
  -1.5527179e+00
  -3.6596055e-01
  -5.1608667e-01
   2.0134435e-01
   2.1441672e-02
   7.1262044e-01
   1.1307763e+00
   2.2036130e-01
   1.5653313e-01
   3.3490768e-01
   9.5476705e-01
   1.8093516e+00
   2.1739070e+00
   2.4126280e+00
   2.1423655e+00
   3.0054656e+00
   3.7054592e+00
   4.3625488e+00
   4.2312025e+00
   4.0659997e+00
   2.0260887e+00
  -2.0227015e-01
  -3.2840792e+00
  -3.0730682e+00
  -3.4136493e-01
   1.8170792e+00
   3.4532841e+00
   3.3375994e+00
   2.0657351e+00
   2.7890570e+00
   2.7571525e+00
   1.2286452e+00
   1.3200951e+00
   6.0130609e-01
   1.3205239e+00
   1.6804124e+00
   1.1815239e+00
  -3.2466912e-01
   3.4848815e-01
   7.7163235e-01
  -1.7025610e-02
  -3.1878228e-01
   2.5541158e-01
  -4.3222393e-01
   4.6216619e-01
  -7.3561624e-01
  -2.5767461e-01
  -1.0475707e+00
  -4.1286794e-01
  -8.0815720e-01
  -1.2361204e+00
  -8.7604969e-01
  -5.5253321e-01
  -2.6852742e-01
  -8.0975782e-01
  -3.9962760e-01
  -6.3092017e-01
   3.0980975e-01
  -3.9911094e-01
   1.7625941e-01
   3.4952892e-02
   1.7185493e-02
  -3.5102348e-01
   3.0282402e-01
   3.9455222e-02
  -1.0097080e+00
   2.1104114e-01
   2.5271547e-01
   9.1260575e-01
   4.0590180e-01
   1.0434697e+00
   4.4225088e-01
  -9.2564512e-02
  -9.9615185e-01
   2.6502243e-01
  -2.9755143e-01
  -1.1869546e+00
  -1.0834435e+00
  -6.7294075e-01
   3.5487989e-01
  -1.1903498e-01
  -4.9733610e-01
  -1.3458960e+00
  -9.7214192e-01
  -1.1063062e+00
  -1.8834915e+00
  -1.0384292e+00
  -1.6390560e+00
  -3.5264048e-01
   6.0259244e-02
  -9.1413019e-01
  -7.6073673e-01
  -3.1820033e-01
   4.8791807e-01
  -1.3724210e-01
   4.0824761e-01
  -3.3005726e-02
  -7.2044605e-01
  -2.6056029e-01
   5.9849350e-01
  -4.4897474e-01
  -4.4786830e-01
  -2.6339811e-01
   6.0098017e-02
   6.2519746e-02
   4.3701983e-01
   7.4878850e-01
   9.0350874e-01
   1.3782825e+00
   6.6646215e-01
   4.3719146e-02
   9.5776420e-01
   5.2203847e-01
   1.6637474e+00
   2.0619740e+00
   1.8468536e+00
   2.2164432e+00
   1.6116364e+00
   2.3687335e+00
   3.0350829e+00
   1.7883911e+00
   1.7719942e+00
  -5.4606121e-01
  -3.0444460e+00
  -2.4213015e+00
   2.9226738e-01
   2.5410599e+00
   3.3391951e+00
   2.9832420e+00
   2.0638348e+00
   1.6926631e+00
   7.1781610e-01
   1.4163523e+00
   1.3085929e-01
  -4.7426310e-01
   4.5504780e-01
  -7.1558740e-01
  -1.2372459e+00
  -1.8521700e+00
  -2.1253126e+00
  -1.1147123e+00
  -1.3190921e+00
  -4.0144266e-01
  -1.4546864e+00
  -2.1562562e+00
  -1.8440735e+00
  -2.4871917e+00
  -2.8736911e+00
  -3.2821358e+00
  -3.1387026e+00
  -1.9044207e+00
  -1.9668037e+00
  -1.3092437e+00
  -6.7230215e-01
  -3.0424106e-01
  -2.1659570e-01
  -1.4297218e+00
  -6.4534996e-01
  -1.6537412e+00
  -1.5276906e+00
  -1.7074840e+00
  -2.1577947e+00
  -1.4068724e+00
  -2.3529646e+00
  -2.2559172e+00
  -1.9231294e+00
  -1.7322317e+00
  -2.8159004e+00
  -3.1884920e+00
  -1.9469470e+00
  -1.0987648e+00
  -2.6435191e-01
  -1.9197465e-01
   1.3302155e+00
   2.8147252e+00
   2.9950135e+00
   3.8031832e+00
   3.2688755e+00
   3.9206659e+00
   4.2885434e+00
   2.3991613e+00
   1.1029977e+00
   1.0762167e+00
  -6.8245266e-01
  -8.5705517e-01
  -9.7357420e-01
  -2.3823613e+00
  -3.3894649e+00
  -3.8584673e+00
  -3.6153138e+00
  -3.4636972e+00
  -3.0323137e+00
  -2.2417554e+00
  -1.1854865e+00
  -5.7355629e-01
  -7.8549565e-01
  -1.6081675e+00
  -1.7881152e+00
  -1.9493868e+00
  -8.0935951e-01
  -1.9185669e+00
  -2.4339078e+00
  -2.3839668e+00
  -2.2239673e+00
  -1.8375257e+00
  -8.1744835e-01
  -1.8977171e+00
  -1.7975518e+00
  -7.2596564e-01
  -9.9211351e-01
  -8.9084471e-01
  -1.1441109e+00
  -4.5539415e-01
  -8.3010642e-01
  -1.1637842e+00
  -4.2272339e-01
  -5.1538098e-01
   2.4543594e-01
  -6.9972987e-02
  -7.4852122e-02
   1.1364936e+00
   2.5517995e+00
   1.5953703e+00
   4.1175360e-01
  -1.8246258e+00
  -4.9885316e+00
  -4.2848461e+00
  -1.8651398e+00
   1.0407737e+00
   2.7001264e+00
   1.9796864e+00
   1.9007059e+00
   7.9915013e-01
   1.2901750e+00
   5.8334063e-01
   1.6401577e-01
   1.5117525e-01
  -6.9602413e-01
   2.3308679e-01
   6.1348499e-01
   5.0896855e-01
   7.9263035e-01
  -1.0449374e-01
   4.9550438e-01
  -1.6121280e-01
   6.8697733e-01
   4.2889003e-01
  -2.9340943e-01
   6.5204829e-01
   1.0897514e+00
   1.2971144e+00
   8.5531736e-01
   7.9887053e-01
   1.5874132e+00
   5.5656954e-01
   1.2915908e+00
   3.5618392e-01
   1.1726006e+00
   1.3933396e+00
  -1.3505179e-01
  -2.7443735e-01
  -4.0847888e-01
   9.2689810e-02
   4.8973198e-01
  -2.3950367e-02
  -4.3684776e-01
  -9.2518133e-01
  -1.5056421e+00
  -7.5610930e-01
  -1.3287941e+00
  -3.1839463e-01
  -1.2771626e+00
  -3.4048819e-01
  -3.6571950e-01
  -2.3730359e-01
  -1.0098437e+00
  -1.2272465e+00
  -3.1685830e-01
  -8.1331109e-01
  -2.1877966e-01
   4.7332979e-01
  -1.0376578e+00
  -5.8916111e-01
  -1.0182888e+00
  -1.8496173e+00
  -1.6250622e+00
  -1.4250226e+00
  -1.5924052e+00
  -1.8420472e+00
  -1.6729707e+00
  -5.6692712e-01
  -1.6375561e+00
  -5.0204564e-01
  -1.4966444e+00
  -8.5633492e-01
  -7.1500660e-01
  -6.5739632e-01
   1.8904530e-01
   2.9243017e-01
   5.5556609e-01
   5.3311770e-01
  -3.4654028e-01
  -2.0724084e-01
  -3.4205668e-01
   4.1595844e-01
   5.4130500e-01
   8.8960497e-01
   7.7396355e-01
   4.4043218e-01
   1.0904801e+00
   1.5417038e+00
   9.9726953e-01
   1.6623734e+00
   2.0975832e+00
   1.2482210e+00
   1.8174705e+00
   2.2374940e+00
   3.0918894e+00
   2.0622989e+00
   3.4079138e+00
   3.7313202e+00
   3.6278338e+00
   3.8995755e+00
   8.3156652e-01
  -1.4991898e+00
  -3.2547185e+00
  -2.1753062e+00
  -1.7916618e-01
   2.3431350e+00
   2.1925777e+00
   3.0394548e+00
   2.3410119e+00
   2.2765397e+00
   2.1159909e+00
   2.5488171e+00
   1.0979373e+00
   3.7782028e-01
   8.7472073e-01
   1.2713621e-01
   9.6216279e-02
   3.3175493e-01
   6.4111478e-01
  -4.6145807e-01
  -5.0675387e-01
  -1.3187764e+00
  -1.6294771e+00
  -9.7148717e-01
  -1.7365787e+00
  -1.8503602e+00
  -2.3827820e+00
  -1.4513033e+00
  -1.4212841e+00
  -6.6395353e-01
  -7.3251680e-01
  -2.0195461e-01
  -1.0128705e-01
  -1.3029388e+00
  -3.0815906e-01
  -1.2287251e+00
  -1.1729354e+00
  -1.0154343e+00
  -6.1211003e-01
  -1.0210704e+00
  -2.2574723e-01
  -4.8345443e-01
  -2.0975364e-01
   4.1731272e-02
   6.0529095e-01
  -1.2714629e-01
  -9.8417487e-01
   2.9283434e-01
  -6.9005838e-01
  -7.6246534e-01
  -4.8991919e-01
   3.0913290e-01
  -8.3078094e-01
  -3.5831726e-01
  -6.2656819e-01
  -7.0660491e-01
  -1.4293843e+00
  -8.8812157e-01
  -6.6391659e-01
  -4.3813379e-01
  -1.5085121e+00
  -1.1434401e+00
  -6.2827261e-01
  -4.2361775e-01
  -1.4437357e+00
  -1.9811868e+00
  -5.2545787e-01
   1.0228204e-01
  -1.0815921e+00
  -3.7991161e-01
  -1.4717003e+00
  -8.7162936e-01
  -1.0530384e+00
  -1.3939932e+00
  -1.0512163e+00
  -1.9926045e-01
  -1.2592435e+00
  -1.0012992e+00
  -1.9047680e+00
  -1.2764473e+00
  -1.9689620e+00
  -2.5489016e+00
  -2.5162059e+00
  -2.5682249e+00
  -2.3264232e+00
  -2.7257092e+00
  -2.7910386e+00
  -1.9672443e+00
  -1.6918058e+00
  -7.6929367e-01
   5.1242692e-01
   1.0145530e-01
   5.6505204e-01
   3.2043256e+00
   4.9896767e+00
   5.0514486e+00
   6.6239446e+00
   6.8616847e+00
   4.4079746e+00
   1.7729803e+00
  -9.4316517e-01
  -2.7614681e+00
  -1.3301270e+00
   2.4511696e-01
   2.9517725e-01
  -8.9463380e-01
  -1.0705319e+00
  -2.5220902e+00
  -2.2403051e+00
  -2.1582065e+00
  -2.4744119e+00
  -3.1018401e+00
  -3.5460534e+00
  -3.5770333e+00
  -3.1529922e+00
  -2.2207958e+00
  -1.7407913e+00
  -2.2661508e+00
  -1.8866900e+00
  -1.2149491e+00
  -1.7315862e+00
  -9.3014387e-01
  -2.0428258e+00
  -1.7291991e+00
  -2.3656487e+00
  -2.2926355e+00
  -1.3163344e+00
  -1.8288456e+00
  -8.6000572e-01
  -3.1011631e-01
  -6.0090810e-01
  -1.1996584e+00
  -1.7010736e+00
  -4.9245078e-01
  -1.2409420e+00
  -1.3446104e+00
  -1.2732369e+00
  -1.4659252e+00
  -4.6542316e-01
  -9.8466242e-01
  -1.6907289e-02
   1.7900644e-01
  -1.1270097e+00
  -1.8011009e-01
   4.4545919e-01
  -1.8672607e-01
   4.9632472e-02
  -7.7609139e-01
  -1.6189355e-01
  -7.3119348e-02
   1.7971504e-01
   9.5047882e-01
   1.5044649e+00
   7.6971649e-01
   1.3404359e+00
   4.6760164e-01
  -2.5482954e-01
   1.7350988e-02
  -4.8581438e-01
   4.9876978e-01
  -3.7500162e-01
  -6.0710531e-01
  -1.8605107e-02
   3.1811863e-01
   1.9302723e-01
  -7.3906273e-02
   9.8859661e-01
   1.6281159e+00
   1.5065821e+00
   3.4734711e-01
  -1.1737721e-01
  -9.6310205e-02
   8.5208808e-01
   1.2649544e-01
   4.9576394e-01
   7.9206729e-01
   4.3924666e-01
  -1.3147560e-01
  -7.7452274e-01
  -1.2047878e+00
  -4.6605837e-01
  -6.8450361e-02
  -5.7291125e-01
   2.6894937e-01
  -5.5056394e-01
  -6.0859902e-01
   1.0509324e-01
   2.8808058e-01
   1.6097567e+00
   1.7952600e+00
   1.5108347e+00
   1.2743463e+00
  -6.9087053e-01
  -4.2761218e+00
  -5.0449183e+00
  -2.0617458e+00
   1.2480357e+00
   1.5061550e+00
   1.9245759e+00
   7.8874187e-01
   1.1049482e-01
   1.6053965e-01
  -6.5870916e-01
   1.9074593e-02
  -6.6118309e-01
  -5.8345879e-01
  -5.0133407e-01
  -1.5895873e+00
  -2.2876610e+00
  -1.0771582e+00
  -1.0060681e+00
  -1.1910525e+00
  -1.5644289e+00
  -1.1323891e+00
  -7.8416089e-01
  -5.7212957e-01
  -6.4461342e-01
  -1.7528112e+00
  -1.7677579e+00
  -1.9905742e+00
  -8.6172652e-01
  -1.6390327e-01
  -1.0014951e+00
  -1.3817121e+00
  -1.4738141e+00
  -1.6466182e+00
  -1.2262768e+00
  -7.6896988e-01
  -3.3079612e-01
   2.8013021e-02
   6.1814707e-01
  -8.8784449e-01
  -1.2433935e+00
  -4.7150415e-01
  -5.6602471e-01
  -1.4583728e+00
  -4.2156688e-01
  -9.3119000e-01
  -1.9120729e+00
  -8.3139100e-01
  -1.8005316e-02
  -1.2337164e+00
  -1.1990117e+00
  -2.0236531e+00
  -6.5881488e-01
  -1.7077666e+00
  -1.1114004e+00
  -5.2386535e-01
  -8.7366521e-01
  -2.3819587e-01
  -8.3930906e-01
  -1.4167090e+00
